96 48
9 16
6 7 6 7 8 7 5 5 6 6 7 7 5 4 5 5 6 6 7 6 5 5 4 3 6 6 8 6 6 6 6 5 4 3 4 5 6 6 7 6 5 5 5 5 4 5 5 5 5 4 3 4 4 4 5 5 6 6 8 7 7 6 5 4 5 4 5 6 7 8 8 9 9 8 7 7 5 3 7 5 5 5 6 6 6 4 4 5 5 6 6 6 8 6 6 7 
10 12 12 12 12 10 12 10 10 10 10 10 16 12 12 12 14 14 12 10 10 10 10 10 12 12 12 10 10 10 10 12 12 10 10 10 14 10 12 12 14 14 10 12 12 12 10 10 
19 22 32 33 35 36 0 0 0 
20 23 31 32 33 34 36 0 0 
21 24 31 33 34 35 0 0 0 
19 20 22 32 34 35 36 0 0 
20 21 23 31 32 33 35 36 0 
21 22 24 31 33 34 36 0 0 
13 14 38 39 41 0 0 0 0 
14 15 39 40 42 0 0 0 0 
15 16 37 38 40 41 0 0 0 
16 17 38 39 41 42 0 0 0 
17 18 37 38 39 40 42 0 0 
13 14 18 37 39 40 41 0 0 
25 27 29 43 48 0 0 0 0 
26 28 30 43 0 0 0 0 0 
25 26 27 29 44 0 0 0 0 
26 27 28 30 45 0 0 0 0 
25 26 27 28 29 46 0 0 0 
26 27 28 29 30 47 0 0 0 
2 3 4 7 10 11 12 0 0 
3 4 5 7 11 12 0 0 0 
4 5 6 7 12 0 0 0 0 
1 2 5 6 7 0 0 0 0 
1 3 6 8 0 0 0 0 0 
1 4 9 0 0 0 0 0 0 
7 10 11 37 40 41 0 0 0 
8 11 12 38 41 42 0 0 0 
7 8 9 12 37 38 39 42 0 
7 9 10 37 39 40 0 0 0 
8 10 11 38 40 41 0 0 0 
9 11 12 39 41 42 0 0 0 
13 14 16 17 18 33 0 0 0 
13 15 17 18 34 0 0 0 0 
13 16 18 35 0 0 0 0 0 
13 17 36 0 0 0 0 0 0 
14 18 31 32 0 0 0 0 0 
13 14 15 32 33 0 0 0 0 
2 13 14 15 16 17 0 0 0 
3 14 15 16 17 18 0 0 0 
4 13 14 15 16 17 18 0 0 
5 13 15 16 17 18 0 0 0 
6 13 16 17 18 0 0 0 0 
1 2 13 17 18 0 0 0 0 
19 22 24 41 42 0 0 0 0 
19 23 37 38 42 0 0 0 0 
20 24 37 39 0 0 0 0 0 
19 20 21 38 40 0 0 0 0 
20 21 22 39 41 0 0 0 0 
21 22 23 40 42 0 0 0 0 
7 10 25 29 30 0 0 0 0 
8 11 25 30 0 0 0 0 0 
9 12 25 0 0 0 0 0 0 
7 8 10 26 0 0 0 0 0 
8 9 11 27 0 0 0 0 0 
9 10 12 28 0 0 0 0 0 
2 3 5 43 45 0 0 0 0 
3 4 6 44 46 0 0 0 0 
1 2 4 5 45 47 0 0 0 
2 3 5 6 46 48 0 0 0 
1 2 3 4 6 43 44 47 0 
1 3 4 5 44 45 48 0 0 
19 22 23 24 25 26 27 0 0 
19 23 24 26 27 28 0 0 0 
19 24 27 28 29 0 0 0 0 
19 28 29 30 0 0 0 0 0 
20 25 26 29 30 0 0 0 0 
21 25 27 30 0 0 0 0 0 
31 35 44 46 48 0 0 0 0 
32 36 43 44 45 47 0 0 0 
31 32 33 44 45 46 48 0 0 
32 33 34 43 44 45 46 47 0 
33 34 35 44 45 46 47 48 0 
34 35 36 43 44 45 46 47 48 
37 38 39 40 41 42 44 45 46 
37 39 40 41 42 45 46 47 0 
37 40 41 42 46 47 48 0 0 
37 41 42 43 44 47 48 0 0 
37 42 43 45 48 0 0 0 0 
37 43 46 0 0 0 0 0 0 
13 14 15 18 25 26 30 0 0 
13 15 16 25 27 0 0 0 0 
14 16 17 26 28 0 0 0 0 
15 17 18 27 29 0 0 0 0 
13 14 16 18 28 30 0 0 0 
13 15 17 25 26 29 0 0 0 
7 10 12 31 32 36 0 0 0 
7 11 31 33 0 0 0 0 0 
8 12 32 34 0 0 0 0 0 
7 8 9 33 35 0 0 0 0 
8 9 10 34 36 0 0 0 0 
9 10 11 31 32 35 0 0 0 
2 4 5 19 22 23 0 0 0 
3 5 6 20 23 24 0 0 0 
1 2 4 6 19 20 21 24 0 
1 3 5 19 21 22 0 0 0 
2 4 6 20 22 23 0 0 0 
1 2 3 5 21 23 24 0 0 
22 23 24 42 57 59 60 93 94 96 0 0 0 0 0 0 
19 22 37 42 55 57 58 59 91 93 95 96 0 0 0 0 
19 20 23 38 55 56 58 59 60 92 94 96 0 0 0 0 
19 20 21 24 39 56 57 59 60 91 93 95 0 0 0 0 
20 21 22 40 55 57 58 60 91 92 94 96 0 0 0 0 
21 22 23 41 56 58 59 92 93 95 0 0 0 0 0 0 
19 20 21 22 25 27 28 49 52 85 86 88 0 0 0 0 
23 26 27 29 50 52 53 87 88 89 0 0 0 0 0 0 
24 27 28 30 51 53 54 88 89 90 0 0 0 0 0 0 
19 25 28 29 49 52 54 85 89 90 0 0 0 0 0 0 
19 20 25 26 29 30 50 53 86 90 0 0 0 0 0 0 
19 20 21 26 27 30 51 54 85 87 0 0 0 0 0 0 
7 12 31 32 33 34 36 37 39 40 41 42 79 80 83 84 
7 8 12 31 35 36 37 38 39 79 81 83 0 0 0 0 
8 9 32 36 37 38 39 40 79 80 82 84 0 0 0 0 
9 10 31 33 37 38 39 40 41 80 81 83 0 0 0 0 
10 11 31 32 34 37 38 39 40 41 42 81 82 84 0 0 
11 12 31 32 33 35 38 39 40 41 42 79 82 83 0 0 
1 4 43 44 46 61 62 63 64 91 93 94 0 0 0 0 
2 4 5 45 46 47 65 92 93 95 0 0 0 0 0 0 
3 5 6 46 47 48 66 93 94 96 0 0 0 0 0 0 
1 4 6 43 47 48 61 91 94 95 0 0 0 0 0 0 
2 5 44 48 61 62 91 92 95 96 0 0 0 0 0 0 
3 6 43 45 61 62 63 92 93 96 0 0 0 0 0 0 
13 15 17 49 50 51 61 65 66 79 80 84 0 0 0 0 
14 15 16 17 18 52 61 62 65 79 81 84 0 0 0 0 
13 15 16 17 18 53 61 62 63 66 80 82 0 0 0 0 
14 16 17 18 54 62 63 64 81 83 0 0 0 0 0 0 
13 15 17 18 49 63 64 65 82 84 0 0 0 0 0 0 
14 16 18 49 50 64 65 66 79 83 0 0 0 0 0 0 
2 3 5 6 35 67 69 85 86 90 0 0 0 0 0 0 
1 2 4 5 35 36 68 69 70 85 87 90 0 0 0 0 
1 2 3 5 6 31 36 69 70 71 86 88 0 0 0 0 
2 3 4 6 32 70 71 72 87 89 0 0 0 0 0 0 
1 3 4 5 33 67 71 72 88 90 0 0 0 0 0 0 
1 2 4 5 6 34 68 72 85 89 0 0 0 0 0 0 
9 11 12 25 27 28 44 45 73 74 75 76 77 78 0 0 
7 9 10 11 26 27 29 44 46 73 0 0 0 0 0 0 
7 8 10 11 12 27 28 30 45 47 73 74 0 0 0 0 
8 9 11 12 25 28 29 46 48 73 74 75 0 0 0 0 
7 9 10 12 25 26 29 30 43 47 73 74 75 76 0 0 
8 10 11 26 27 30 43 44 48 73 74 75 76 77 0 0 
13 14 55 59 68 70 72 76 77 78 0 0 0 0 0 0 
15 56 59 60 67 68 69 70 71 72 73 76 0 0 0 0 
16 55 57 60 68 69 70 71 72 73 74 77 0 0 0 0 
17 56 58 67 69 70 71 72 73 74 75 78 0 0 0 0 
18 57 59 68 70 71 72 74 75 76 0 0 0 0 0 0 
13 58 60 67 69 71 72 75 76 77 0 0 0 0 0 0 
