0, 0.0508502, -30.8883, 11.3963, -1.86332, 5.69451, 1.27464, -30.8374, -19.492, 9.53297, 3.83119, 6.96916, -20.7375, 11.4036, -6.27593, 9.49328, 0.653535, -25.1574, -9.3921, 5.12763, 3.21735, 10.1468, -6.85345, 10.7897, 0.704385, 5.73083, -20.7884, -19.4847, 5.12036, 7.62996, 6.34805, -15.0576, 12.6782, -1.81247, -25.1937, 12.6709, -6.22508, -21.395, 12.0498, -0.545095, -11.2951, -1.18073, 7.65175, -6.88977, -11.2733, 12.0571, 3.86751, -15.0939, -9.38484, 9.54023, -0.581415, 10.7679, -12.5334, 9.51507, -12.5843, -21.3732, -1.18799, 3.23914, -3.09101, -3.06922, 10.1686, 6.38437, 7.00548, 1.32549, 
0, 1.42644, -41.9169, 11.9858, -6.58988, 5.89103, -0.300877, -40.4904, -29.9311, 5.39595, -0.698854, 5.59015, -28.8151, 12.1896, -12.578, 9.8863, -2.4975, -35.007, -18.2557, -0.388401, -2.6917, 7.3888, -13.552, 10.1968, -1.07107, 6.90991, -30.2415, -29.7273, -0.592177, 3.29642, 3.39352, -23.3316, 11.8887, -5.16344, -36.0259, 11.685, -11.1516, -32.0306, 9.48833, -5.6681, -20.3552, -8.27228, 3.90775, -14.5709, -19.7439, 9.6921, 0.320029, -24.3505, -18.0519, 5.59972, -6.68698, 9.58543, -19.0354, 10.4976, -20.4619, -31.4192, -8.47605, -2.08037, -10.5756, -9.96425, 8.00013, 4.41241, 6.60903, 1.12556, 
0, -2.81333, -40.4707, 10.1688, -5.97007, 5.28535, -0.0942743, -43.284, -30.3019, 4.19872, -0.684725, 5.19107, -31.8152, 9.76688, -11.7516, 8.67494, -2.0843, -37.1948, -18.8331, -1.98471, -3.07665, 6.59064, -16.153, 7.37496, -4.89762, 3.27583, -29.0019, -30.7038, -1.58281, 2.70487, 3.20105, -25.7261, 9.67261, -8.7834, -35.1853, 10.0745, -14.5649, -31.7957, 8.08449, -8.47577, -20.3269, -9.66199, 1.49916, -14.1435, -21.5327, 7.68259, -2.69424, -23.7165, -19.235, 3.79681, -6.46625, 8.58067, -22.2422, 7.46923, -19.4289, -33.0014, -9.26008, -4.28237, -10.7539, -11.9596, 5.38493, 1.19153, 3.18155, -2.9076, 
0, 38.1646, -7.76675, 27.7307, 8.04589, 11.1393, 4.57771, 30.3978, 19.964, 35.7766, 19.1852, 15.717, 37.1946, 33.1828, 6.93636, 20.3829, 7.25968, 30.633, 26.7608, 40.1192, 27.3193, 27.6426, 42.3308, 41.3169, 45.4243, 38.3997, -0.969963, 25.4161, 34.6671, 28.4288, 18.399, 37.4298, 37.7605, 46.2105, 3.37259, 32.3085, 45.1009, 12.6162, 34.9904, 45.3361, 19.413, 37.1139, 44.7851, 15.0704, 35.7692, 40.4425, 46.4456, 10.1694, 32.2129, 41.2287, 18.0757, 24.9606, 42.0957, 36.7392, 3.93107, 28.9724, 31.6618, 43.6755, 24.314, 40.6702, 43.9988, 45.6594, 42.9775, 42.7423, 
0, 14.3528, 40.9811, 17.5257, 28.9378, 7.73765, 11.5417, 55.3339, 58.5068, 46.4635, 36.6755, 19.2793, 55.1667, 19.5761, 34.7923, 13.5795, 21.1876, 58.9707, 58.3396, 54.3684, 48.3718, 34.7672, 56.7406, 31.2724, 35.5404, 17.9896, 40.8139, 60.5572, 52.318, 42.5174, 28.9253, 58.8035, 31.1178, 43.2906, 48.7187, 29.0674, 49.145, 54.5606, 38.7133, 52.7819, 54.3934, 58.327, 48.6686, 46.4886, 60.5446, 40.7637, 46.9275, 48.5515, 60.39, 48.5139, 42.5299, 25.1212, 53.1037, 19.7307, 38.751, 60.7118, 56.2766, 54.523, 52.3305, 58.4817, 40.9184, 39.1773, 29.5313, 25.8945, 
0, 14.6739, 26.3012, 17.6633, 22.6464, 7.78352, 9.44456, 40.9751, 43.9645, 40.3097, 30.43, 17.2281, 42.905, 19.7596, 26.4037, 13.6713, 16.9934, 44.5661, 45.8944, 46.1633, 40.075, 30.6647, 46.5302, 29.4047, 31.6673, 18.2649, 28.2311, 46.0608, 44.0671, 36.3177, 24.7769, 46.496, 29.2042, 37.3203, 34.0847, 27.1079, 41.0777, 39.9725, 34.6567, 44.6686, 41.9024, 48.0249, 42.6065, 36.0488, 48.1912, 36.753, 40.9113, 36.0146, 47.9907, 42.406, 34.1873, 23.1159, 42.9392, 19.9601, 28.2653, 46.2613, 45.9286, 46.3639, 41.9366, 48.2254, 36.9535, 35.2583, 27.7094, 24.1185, 
0, 21.3183, 43.9456, 20.5109, 30.2083, 8.73272, 11.9652, 65.2639, 64.4565, 50.7192, 38.9411, 20.6979, 64.6732, 23.5564, 36.4863, 15.5697, 22.0346, 67.9057, 63.8658, 60.0427, 52.056, 37.6043, 64.8286, 36.6713, 43.353, 23.9601, 43.3549, 67.502, 56.9972, 45.778, 30.7674, 67.315, 35.5216, 51.5266, 52.6783, 32.4761, 57.8046, 59.5153, 42.5456, 60.4464, 58.9246, 64.4249, 54.9144, 49.6012, 68.061, 45.591, 54.1684, 52.0876, 66.9113, 53.7647, 45.219, 27.5349, 62.1868, 24.7061, 40.8685, 68.6517, 61.3794, 61.1924, 56.4382, 65.5746, 46.7408, 45.9947, 35.9253, 33.2835, 
0, 39.4902, 35.3174, 28.2989, 26.5105, 11.3287, 10.7326, 74.8075, 63.6162, 54.8094, 37.8392, 22.0613, 75.4495, 33.9403, 31.5559, 20.7617, 19.5694, 74.8533, 64.2581, 65.4962, 52.3175, 40.3311, 74.2414, 48.4186, 59.0596, 39.536, 35.9593, 69.2577, 59.8547, 47.2722, 30.8981, 75.4953, 44.6729, 66.0007, 46.6461, 39.0314, 71.046, 56.079, 47.8683, 71.0918, 56.7209, 68.6458, 64.1965, 46.0341, 73.6453, 53.5097, 66.0465, 47.288, 69.8996, 60.4508, 42.8846, 31.4942, 74.1956, 37.686, 34.7054, 73.0034, 63.0043, 69.2419, 55.4671, 72.3915, 57.2554, 59.1054, 50.2686, 50.2228, 
0, 35.6196, 22.6312, 26.64, 21.0736, 10.7758, 8.92029, 58.2508, 49.2713, 47.7136, 31.8494, 19.696, 60.705, 31.7285, 24.3066, 19.6558, 15.9448, 58.8495, 51.7255, 56.0352, 43.9624, 35.6006, 61.8622, 43.8416, 51.5644, 36.2183, 25.0855, 54.3598, 50.9467, 40.7294, 26.7206, 61.3037, 40.6488, 56.6932, 33.407, 35.5603, 59.9262, 42.287, 42.5848, 60.5249, 44.7412, 57.3724, 55.9949, 36.4197, 60.0067, 47.6733, 57.2919, 35.8612, 56.814, 52.8021, 35.0824, 28.576, 61.2635, 34.9213, 25.6439, 57.5525, 52.2839, 59.2279, 45.2997, 60.5652, 50.8661, 52.1631, 45.1386, 44.5398, 
0, 10.852, -36.683, 16.0254, -4.34677, 7.23754, 0.446827, -25.8309, -20.6576, 11.6786, 2.89077, 7.68437, -14.9032, 17.5757, -9.58719, 12.5793, -1.0021, -21.694, -9.72991, 7.98848, 2.99214, 11.5772, -1.73436, 17.677, 9.84995, 14.989, -25.7553, -19.1073, 6.43818, 8.23257, 6.23545, -10.7663, 18.0225, 6.50528, -29.4454, 16.4722, 1.26486, -24.1036, 15.0233, 5.40181, -13.1759, 0.852305, 12.8834, -9.48582, -8.52507, 16.5736, 10.6422, -18.5177, -8.17961, 13.2289, -2.34965, 13.0262, -5.87132, 17.2302, -16.7234, -19.4527, -0.697988, 7.64302, -4.14403, 0.506848, 16.2281, 13.9869, 15.4358, 11.2989, 
0, -24.7082, 22.1924, 0.785256, 20.8855, 2.1575, 8.85759, -2.51585, 22.9776, 21.6708, 23.043, 11.0151, 0.00106069, -2.74449, 24.0559, 2.41925, 15.8194, 6.70115, 25.4945, 21.3114, 26.4751, 18.2387, 9.83922, 0.687606, -8.8888, -15.4912, 24.7093, 19.4479, 24.8411, 23.3048, 17.9769, 9.21806, 6.1131, -3.82271, 24.3499, 9.64285, -0.652371, 24.6116, 16.6047, 8.56463, 27.1285, 22.586, 12.7155, 27.488, 16.5393, 13.0749, 5.39429, 26.8668, 21.9648, 18.141, 26.2134, 11.2768, 0.622221, -8.16999, 25.3305, 14.0224, 26.1157, 15.8859, 27.7497, 17.1605, 7.64944, 0.328196, -6.63364, -15.8506, 
0, 3.77249, -19.8104, 12.9913, 2.88432, 6.22618, 2.85719, -16.0379, -6.81913, 15.8756, 9.1105, 9.08337, -7.52061, 13.5302, 0.0542636, 10.5566, 3.81863, -10.8896, 1.69818, 13.5845, 10.6109, 14.3752, 4.24927, 15.0306, 7.59112, 8.92081, -11.2931, -6.2802, 13.0455, 13.4409, 10.0448, -2.37229, 16.3874, 6.65681, -13.5842, 15.8485, 3.82675, -9.25381, 16.8099, 8.97507, -0.736499, 8.85866, 15.0577, 1.55463, 0.880282, 17.3488, 11.8051, -5.06692, 2.2371, 16.4145, 6.28044, 13.4138, -0.899055, 12.1734, -4.67154, -7.63703, 8.31974, 12.2276, 5.88506, 7.50184, 15.992, 12.7394, 11.778, 6.62968, 
0, 54.4779, -2.87922, 34.7222, 10.1405, 13.4698, 5.27594, 51.5987, 31.843, 44.8627, 23.6104, 18.7457, 57.6972, 42.5047, 9.72923, 25.0439, 8.65611, 49.5034, 37.9415, 52.234, 34.7731, 33.7, 59.8048, 53.6675, 63.134, 52.3826, 3.21935, 39.6255, 44.4514, 35.1844, 22.1259, 55.6019, 47.7807, 64.6184, 10.5906, 39.9981, 64.2071, 22.1646, 43.3783, 62.1118, 28.2632, 49.9269, 58.5321, 20.892, 51.6109, 51.1608, 62.5231, 16.6892, 45.7241, 52.6453, 23.199, 30.3198, 61.9001, 48.3915, 7.42217, 45.5123, 42.1443, 58.1208, 32.466, 55.8137, 57.0476, 61.0387, 57.6585, 59.7538, 
0, -8.80182, -24.7391, 7.60229, 0.772017, 4.42985, 2.15309, -33.5409, -17.1368, 8.37431, 5.20186, 6.58294, -24.3195, 6.34489, -2.76214, 6.96394, 2.41043, -26.5963, -7.91542, 3.58275, 4.2018, 9.37437, -10.0492, 5.34483, -6.39139, -1.85716, -15.5177, -18.3942, 4.84015, 7.73596, 6.84028, -17.3749, 8.49798, -8.0298, -20.3093, 9.75538, -11.564, -17.7752, 10.0127, -4.61931, -8.55377, -1.84716, 3.96376, -3.76221, -12.326, 8.75532, -1.08515, -11.0879, -9.17282, 7.11691, 1.6677, 9.11703, -16.9939, 3.19174, -8.19205, -21.5474, -0.589761, 0.429595, -1.22811, -5.00031, 5.60217, 0.553264, 0.295926, -6.64873, 
0, -13.5097, -30.4699, 5.58465, -1.68403, 3.7573, 1.33441, -43.9796, -24.8853, 3.90062, 2.07327, 5.0917, -33.9395, 3.6547, -6.03687, 5.61885, 0.773062, -36.3624, -14.8452, -2.38218, -0.418026, 6.39191, -18.1779, 1.1634, -12.7366, -5.89245, -20.4298, -26.8152, -0.452227, 3.93482, 4.53036, -26.3223, 4.9891, -15.1937, -26.7126, 6.91905, -19.5465, -24.8511, 6.35771, -11.9293, -14.811, -8.63077, -1.85503, -8.52817, -20.6008, 4.42776, -7.57648, -16.6725, -16.7751, 1.97067, -2.27957, 6.95325, -25.7951, -0.171005, -12.2855, -30.6409, -6.70082, -6.20788, -6.66662, -12.4565, 0.602058, -5.11939, -4.55805, -12.1752, 
0, 29.463, 65.4486, 24.0015, 39.4239, 9.89626, 15.037, 94.9116, 89.4501, 63.4254, 49.3201, 24.9333, 91.249, 28.2105, 48.7737, 17.8968, 28.1783, 96.3898, 85.7875, 76.9842, 66.6704, 46.0751, 87.169, 45.5608, 57.6414, 30.9413, 61.786, 93.6591, 72.7752, 57.3206, 38.0746, 92.7273, 43.2475, 68.8869, 75.3448, 39.0385, 78.2367, 83.3453, 52.1798, 79.7149, 79.6828, 84.4382, 69.9476, 66.124, 92.3098, 56.3888, 70.3652, 71.6823, 89.9965, 67.6344, 58.6699, 32.9338, 85.6907, 30.5238, 56.2277, 95.9723, 80.2292, 79.2974, 74.1245, 86.7515, 58.7021, 59.1196, 45.9783, 44.5001, 


0, -28.0487, -33.9548, -0.646382, -3.17754, 1.68029, 0.836571, -62.0035, -34.6011, -3.82392, -1.49725, 2.51686, -51.4655, -4.65334, -8.02822, 1.46483, -0.222609, -52.3093, -24.0632, -12.6816, -6.56339, 1.24222, -33.1292, -9.71948, -28.2713, -18.3545, -23.4168, -38.6081, -8.6746, -1.71271, 1.45768, -41.7713, -3.81677, -31.2263, -32.2745, 0.190189, -36.0769, -32.4899, -0.86899, -26.3827, -21.952, -19.428, -13.7336, -13.0944, -33.9729, -4.87595, -21.532, -21.7365, -28.0702, -7.83088, -6.34793, 2.3014, -42.8234, -10.5561, -14.7746, -44.5108, -15.421, -18.5843, -13.3098, -25.3307, -10.7787, -18.5771, -17.5179, -27.2122, 
0, -49.4346, -15.6193, -9.81174, 4.68053, -1.37483, 3.45593, -65.0538, -25.431, -5.13121, 3.3057, 2.0811, -57.1353, -16.8738, 2.44921, -4.64541, 5.0161, -52.3045, -17.5124, -14.4246, -2.19621, 0.37069, -38.3631, -22.3757, -44.4185, -36.6852, -7.70069, -32.4931, -7.36254, 0.0351166, 3.64127, -44.3859, -13.4179, -44.754, -16.9941, -6.35582, -46.9854, -20.2647, -4.79564, -34.236, -12.3461, -18.5517, -21.1511, -3.0527, -33.5323, -11.8577, -32.0047, -9.07552, -24.5745, -12.1933, 1.07438, -1.18949, -51.1124, -25.8317, -1.67786, -41.4509, -11.4896, -23.3824, -6.32328, -27.5095, -20.8156, -31.6691, -33.2293, -45.9786, 
0, -30.4284, 23.8822, -1.66624, 21.6097, 1.34034, 9.09899, -6.54617, 22.216, 19.9435, 22.9501, 10.4393, -4.27067, -6.01316, 25.0215, 0.784921, 16.3022, 3.48799, 24.4915, 19.0083, 25.8064, 17.0872, 6.14325, -3.15683, -14.1262, -20.3942, 26.1577, 17.8691, 23.3552, 22.3947, 17.6426, 5.7635, 3.08583, -8.81866, 25.2226, 7.43275, -5.40692, 24.6672, 14.636, 4.62725, 26.9427, 20.5243, 9.35392, 27.8778, 13.9019, 10.2891, 1.2155, 27.4981, 20.1446, 15.5966, 26.3618, 9.88391, -3.89092, -12.2558, 26.5375, 11.6264, 24.8712, 12.7657, 27.3224, 14.2817, 4.04642, -4.09199, -11.2952, -21.3294, 
0, -52.2837, -12.2823, -11.0328, 6.11065, -1.78185, 3.93263, -64.566, -23.3151, -4.92217, 4.32879, 2.15078, -57.1242, -18.5019, 4.35603, -5.45946, 5.96951, -51.4097, -15.8733, -14.1459, -1.10343, 0.510056, -38.4217, -23.9341, -46.3142, -39.1274, -4.84045, -30.7842, -6.67678, 0.651189, 4.18766, -43.9678, -14.5693, -46.1731, -14.0642, -7.10018, -47.9277, -17.7418, -5.0633, -34.7713, -10.2999, -17.7962, -21.7561, -1.07619, -32.7072, -12.5324, -33.0167, -6.62231, -23.3424, -12.3913, 2.57418, -1.52683, -51.5781, -27.8668, 0.705665, -40.1491, -10.3271, -23.5107, -4.75379, -27.1611, -21.8973, -33.1579, -35.1947, -48.3511, 
0, -35.1458, 15.6028, -3.688, 18.0614, 0.666416, 7.91622, -19.543, 11.9148, 14.3734, 18.7278, 8.58264, -16.0848, -8.70884, 20.2904, -0.562919, 13.9367, -8.83495, 15.3731, 11.5815, 19.7275, 13.3738, -3.81415, -7.7092, -21.2092, -24.4378, 19.0611, 6.89397, 16.6024, 17.4985, 14.6031, -5.37667, -0.792617, -17.0844, 16.2692, 4.22822, -14.8555, 15.0399, 10.2487, -4.14737, 18.4982, 11.9148, 2.43599, 21.29, 3.43566, 5.22785, -6.37634, 19.7275, 10.3522, 9.35258, 20.9568, 7.3533, -14.5222, -15.6254, 20.6236, -0.0226185, 16.9356, 4.66496, 20.0607, 4.99819, -1.68873, -10.5011, -16.5215, -27.2296, 
0, -23.3416, 2.09408, 1.37094, 12.272, 2.35273, 5.9864, -21.2476, 3.46502, 13.6429, 14.6247, 8.33913, -15.8595, -1.96359, 12.5711, 2.80971, 10.0771, -12.2258, 8.85311, 10.6075, 15.3808, 12.8868, -3.34536, -1.20745, -13.2646, -14.3199, 7.48218, 0.130496, 13.9421, 15.0817, 12.4298, -6.8377, 4.02282, -11.0697, 4.44681, 7.35734, -10.7705, 4.90379, 11.448, -1.74876, 10.2919, 9.01094, 5.07811, 13.3273, 0.288322, 8.11347, -2.04792, 9.83491, 5.51859, 10.3084, 14.9238, 8.79611, -12.3671, -7.19386, 10.9745, -5.09977, 12.3455, 5.37726, 13.7842, 3.78067, 2.8832, -4.24282, -8.33348, -17.3552, 
0, -54.7019, 48.4053, -12.0692, 32.1196, -2.1273, 12.6023, -6.2966, 36.3361, 20.0505, 29.9923, 10.475, -7.52439, -19.8837, 39.0346, -6.15036, 23.3088, 7.20519, 35.1083, 19.1509, 32.8843, 17.1585, 2.85386, -16.9917, -31.393, -41.2001, 47.1775, 28.5215, 26.9655, 25.9693, 21.1815, 5.9774, -7.28143, -22.5823, 46.278, 0.533125, -15.6672, 42.2549, 11.2397, -2.16542, 41.0271, 24.1702, 2.5256, 41.9266, 17.5835, 3.42511, -9.08046, 45.0502, 27.2938, 12.2359, 36.9073, 6.45193, -10.6479, -29.594, 44.0539, 18.8112, 31.9848, 9.44063, 37.9036, 14.4599, -6.28519, -17.8912, -28.5978, -42.0996, 
0, 27.3886, -8.75957, 23.1125, 7.6204, 9.59991, 4.43588, 18.6291, 14.3529, 30.7329, 17.2203, 14.0358, 25.5677, 27.0252, 6.36903, 17.3041, 6.97602, 20.4037, 21.2915, 33.3942, 23.6731, 24.2801, 32.3851, 33.4779, 34.3647, 29.1632, -1.82095, 18.2656, 29.4815, 24.9245, 16.5759, 27.3423, 31.461, 35.009, 0.840348, 27.5484, 33.7577, 8.54451, 30.0885, 35.5323, 15.4831, 30.2471, 36.6625, 12.8218, 27.2211, 34.0012, 36.7836, 7.77896, 25.2042, 34.6455, 15.9689, 21.74, 30.6106, 29.0421, 3.22192, 20.2825, 26.3344, 35.4111, 20.526, 32.264, 36.0181, 36.1392, 33.5991, 31.8245, 
0, 49.7813, -39.6774, 32.7093, -5.63011, 12.7989, 0.0190449, 10.1039, -6.96807, 27.0792, 7.16875, 12.8179, 21.4594, 39.821, -11.2983, 23.702, -1.85765, 8.67953, 4.38739, 28.5226, 12.4037, 21.8443, 29.4947, 45.0559, 47.9236, 48.3569, -28.322, 0.143547, 21.411, 18.0719, 10.9412, 20.035, 39.84, 44.1512, -26.8785, 32.7284, 38.483, -15.9754, 30.8517, 37.0586, -4.61997, 20.9587, 39.4067, -6.06339, 16.7149, 37.9633, 42.7268, -15.5231, 11.499, 34.1908, 1.50055, 23.721, 30.919, 45.0368, -18.8623, 5.35941, 13.8471, 33.7385, 4.83972, 26.1746, 43.1792, 46.4993, 48.376, 49.8004, 
0, 35.3727, -11.7358, 26.5342, 6.34487, 10.7405, 4.01071, 23.6369, 14.7984, 32.8791, 17.0854, 14.7512, 31.0007, 31.5875, 4.66832, 19.5852, 6.12566, 24.2709, 22.1622, 36.2558, 24.2536, 25.7109, 37.1027, 38.7557, 41.4984, 36.0067, -4.37201, 19.8517, 31.2025, 25.9301, 16.8662, 31.6347, 35.5982, 41.7176, -0.995315, 30.5449, 40.041, 7.84943, 32.6599, 40.675, 15.2132, 32.6835, 41.0898, 11.8365, 30.3729, 37.7131, 42.3516, 6.36848, 27.2155, 37.9323, 15.4088, 23.5959, 36.4687, 34.745, 1.09603, 23.0092, 27.6303, 39.4133, 20.6813, 35.841, 40.8706, 42.1324, 40.0174, 39.3834, 
0, -20.0397, -9.87023, 2.78608, 7.1444, 2.82444, 4.27722, -29.9099, -7.08416, 9.93047, 9.96884, 7.10166, -22.8126, -0.0767314, 5.73437, 3.75313, 6.65868, -21.3598, 0.0131257, 5.65763, 9.4875, 10.4118, -9.06101, -0.558073, -13.381, -11.4896, -2.77295, -9.94697, 8.52044, 10.8975, 9.48312, -14.2625, 4.20048, -12.8953, -7.04579, 7.06329, -14.3053, -6.1171, 9.44476, -5.75523, 0.980183, 2.35185, 2.30911, 5.25302, -7.60824, 6.58195, -4.3452, 0.0514909, -2.84968, 7.06767, 8.55881, 8.03035, -17.6111, -4.83529, 2.42858, -14.7055, 5.21466, 0.899077, 6.18172, -2.40671, 1.82339, -4.83091, -7.21238, -15.7624, 
0, 10.1638, -0.32996, 15.7304, 11.2331, 7.13922, 5.64011, 9.83385, 15.4005, 26.9635, 18.3723, 12.7793, 15.5682, 17.1824, 11.1859, 12.3827, 9.38448, 14.0691, 21.1348, 28.3683, 23.5686, 21.7672, 23.6422, 22.3787, 19.5483, 14.3991, 5.40443, 16.8524, 26.9164, 23.6158, 16.5237, 19.8035, 22.8225, 21.3969, 6.80926, 21.3705, 21.3498, 12.0527, 25.1149, 25.585, 17.7871, 26.4255, 27.9717, 16.3823, 22.143, 26.5669, 25.6322, 12.5436, 22.5868, 28.4155, 18.3252, 18.0228, 19.4069, 16.7386, 9.24306, 16.4087, 24.9735, 27.9246, 21.6258, 25.9817, 26.1231, 23.7836, 20.0392, 15.8039, 
0, -37.5367, -12.1775, -4.71264, 6.15556, 0.324869, 3.9476, -49.7142, -16.8902, 1.44292, 6.48043, 4.27247, -42.2873, -10.075, 4.41592, -1.24601, 5.99946, -38.6646, -9.46327, -5.65911, 3.1699, 4.75345, -25.7065, -13.3855, -31.5372, -26.487, -4.75063, -22.2525, -0.296727, 4.90955, 6.32433, -31.2377, -6.12742, -31.3811, -11.8527, -0.765039, -33.1208, -13.4235, 1.28681, -22.0711, -5.99664, -9.2945, -11.1776, 1.10539, -22.0838, -4.07556, -20.3315, -4.42576, -14.8256, -3.91946, 4.74078, 2.70159, -36.7561, -17.3332, 0.78052, -29.5107, -3.93212, -12.9172, -0.465493, -16.5526, -11.3337, -20.4876, -22.5394, -33.5891, 
0, 50.4841, 50.8832, 33.0106, 33.1816, 12.8993, 12.9563, 101.367, 83.8938, 66.1921, 46.0809, 25.8556, 99.7856, 40.2226, 40.4506, 23.9028, 24.0168, 99.8426, 82.312, 80.6732, 64.3534, 47.9196, 94.7833, 58.4951, 74.501, 48.9594, 49.3014, 91.1058, 73.4612, 57.0844, 36.9161, 98.2608, 53.1789, 83.6657, 63.7825, 45.9669, 90.9348, 74.786, 57.0274, 89.41, 73.2042, 86.0465, 78.7204, 58.7232, 94.8403, 64.2394, 82.141, 62.2007, 89.524, 73.4042, 53.3499, 36.8591, 96.308, 45.5389, 45.8239, 96.422, 78.8344, 85.9895, 69.7267, 91.3627, 69.5557, 72.9762, 61.9157, 63.4404, 
0, -0.143148, 15.4715, 11.3131, 18.0051, 5.6668, 7.89746, 15.3284, 26.7847, 29.3183, 23.6719, 13.5643, 18.8054, 11.2927, 20.2154, 9.43785, 13.8992, 21.0361, 30.2617, 31.5081, 29.6532, 23.337, 26.0944, 17.274, 13.756, 5.56455, 18.9485, 26.7642, 31.5285, 27.443, 19.566, 24.5131, 19.1902, 17.862, 21.1383, 19.2106, 20.0722, 24.9094, 25.2123, 25.7799, 28.3864, 31.8225, 27.3816, 26.1966, 28.325, 25.1919, 23.5697, 24.6153, 30.2412, 29.2978, 25.8822, 17.3353, 20.3867, 9.3765, 20.5298, 24.848, 31.843, 29.5919, 29.9677, 29.9063, 23.2757, 19.4637, 13.462, 7.75432, 
0, 30.7197, -25.4582, 24.5401, 0.463832, 10.0758, 2.05036, 5.26146, -0.918148, 25.0039, 10.5396, 12.1261, 14.5856, 28.9286, -3.17306, 18.2558, 2.20497, 6.56018, 8.40599, 25.7555, 15.0827, 20.4608, 23.3127, 33.4717, 32.9247, 32.0184, -16.1341, 3.47038, 21.367, 18.7196, 12.2807, 15.8843, 30.979, 31.1835, -15.3825, 26.5904, 27.5466, -7.20242, 26.745, 28.8453, 2.12172, 20.2229, 31.8852, 1.37008, 15.2873, 31.1336, 32.4822, -6.05831, 12.7945, 29.3924, 6.90272, 20.3062, 22.014, 31.4214, -8.70569, 5.96316, 15.8344, 28.2483, 9.55011, 22.7157, 33.6263, 34.2234, 34.0688, 32.77, 


0, -58.6658, 48.9028, -13.768, 32.3329, -2.69358, 12.6734, -9.76296, 35.1349, 18.5649, 29.6393, 9.97979, -11.0618, -22.1488, 39.319, -7.28291, 23.451, 4.30512, 33.836, 17.1702, 32.0361, 16.1681, -0.188371, -19.752, -35.2148, -44.5977, 47.604, 26.754, 25.551, 25.0499, 20.7574, 3.00625, -9.47545, -26.3329, 46.2093, -1.09462, -19.3468, 41.6199, 9.683, -5.27874, 40.3211, 22.2605, -0.0925338, 41.7158, 15.1786, 1.30217, -12.2649, 44.9104, 25.4552, 10.184, 36.6254, 5.39046, -14.2565, -32.4254, 44.4094, 16.4774, 30.6414, 6.89358, 37.1264, 11.984, -8.97441, -21.1467, -31.9244, -45.9924, 
0, 8.12634, -3.59991, 14.8572, 9.83168, 6.84816, 5.17298, 4.52643, 11.2573, 24.6889, 16.6798, 12.0211, 10.728, 16.0181, 9.31741, 11.8006, 8.4502, 9.05278, 17.4588, 25.3355, 21.118, 20.2508, 19.5601, 20.4563, 16.5765, 12.6527, 2.60161, 12.4182, 24.1746, 21.6322, 15.2984, 15.2543, 21.1911, 17.958, 3.24825, 20.0302, 17.4438, 8.20065, 23.3074, 21.9701, 14.4022, 22.9255, 25.115, 13.7555, 17.8849, 24.4683, 22.4844, 9.44977, 18.6197, 25.8498, 16.1656, 16.9735, 15.0337, 15.2833, 6.90739, 11.6834, 21.7646, 24.6007, 18.7079, 22.1907, 23.7335, 21.1029, 17.8257, 13.2993, 
0, 2.35884, 15.1976, 12.3854, 17.8877, 6.02423, 7.85833, 17.5564, 27.583, 30.2732, 23.912, 13.8826, 21.0726, 12.7224, 20.0588, 10.1527, 13.8209, 22.9067, 31.0992, 32.7812, 30.2115, 23.9736, 28.0433, 19.022, 16.1798, 7.70911, 18.7137, 27.92, 32.4442, 28.0404, 19.8451, 26.4228, 20.5807, 20.2466, 21.2218, 20.2438, 22.4177, 25.3503, 26.2063, 27.7679, 28.8664, 33.0566, 29.0514, 26.3584, 29.8774, 26.5433, 25.5969, 24.738, 31.4361, 30.6101, 26.083, 18.011, 22.693, 11.1636, 20.3341, 26.3612, 32.7196, 31.2225, 30.4868, 31.4978, 24.9845, 21.53, 15.5674, 10.2172, 
0, 5.6354, -18.2268, 13.7897, 3.56302, 6.49231, 3.08342, -12.5914, -4.43711, 17.3527, 10.0553, 9.57573, -4.30031, 14.5947, 0.959193, 11.0889, 4.2711, -7.70919, 3.85396, 15.5539, 12.0481, 15.36, 6.97721, 16.5875, 9.90649, 10.5176, -9.93571, -3.63206, 14.7489, 14.6519, 10.7634, 0.581879, 17.6781, 9.19841, -11.7345, 16.8731, 6.59459, -7.13792, 18.0608, 11.4768, 1.15315, 11.0543, 17.0671, 2.95193, 3.56832, 18.8658, 14.0806, -3.4434, 4.65902, 18.1577, 7.4515, 14.1723, 2.09501, 13.504, -3.54038, -4.72275, 10.2493, 14.4632, 7.54848, 9.96365, 17.7751, 14.7887, 13.601, 8.71882, 
0, 3.93011, 45.8761, 13.0588, 31.0357, 6.2487, 12.241, 49.8062, 58.9349, 44.0945, 37.2844, 18.4897, 48.9397, 13.6203, 37.5894, 10.6016, 22.5862, 54.932, 58.0685, 51.2097, 48.1911, 33.1878, 51.3033, 24.5269, 26.5163, 9.05592, 45.0096, 59.4964, 50.6482, 41.6373, 28.8349, 54.0655, 25.8613, 34.9658, 52.1248, 25.2998, 41.5195, 56.4777, 35.645, 46.6453, 55.6113, 55.8677, 43.3217, 48.4961, 57.2956, 36.2065, 40.0916, 51.2583, 58.6299, 44.656, 43.8381, 22.8426, 46.1775, 12.286, 42.2474, 58.1621, 55.3062, 49.8754, 52.849, 54.5334, 34.8722, 31.6421, 21.2969, 16.1711, 
0, -5.97093, -28.3014, 8.81553, -0.754674, 4.83426, 1.64419, -34.2723, -19.4859, 8.06085, 4.07958, 6.47845, -24.542, 7.96254, -4.79773, 7.77277, 1.39263, -27.7321, -9.75557, 3.1648, 2.97504, 9.1654, -10.1672, 6.85799, -4.5783, 0.569306, -18.5711, -20.3389, 4.01779, 7.01809, 6.22689, -18.0018, 9.60673, -6.72561, -23.4671, 10.4597, -10.7687, -20.5286, 10.2082, -4.22843, -10.7983, -2.774, 4.45912, -5.90228, -13.3573, 9.35517, -0.185367, -13.7368, -10.6086, 7.20786, 0.0365261, 9.41696, -16.7075, 5.2138, -10.7365, -23.0876, -1.92101, 0.416065, -2.96377, -5.52274, 6.60643, 1.96194, 2.2135, -4.32674, 
0, -8.39612, 7.39328, 7.77616, 14.543, 4.4878, 6.74343, -1.00284, 15.1694, 22.3192, 19.0308, 11.2312, 3.62823, 6.57672, 15.5992, 7.07986, 11.5911, 5.88385, 19.8005, 22.1759, 22.6791, 18.671, 13.2502, 10.225, 3.195, -1.50942, 12.0243, 13.97, 23.3754, 21.6229, 16.0789, 10.5149, 13.3201, 6.14693, 11.8811, 14.5196, 7.20311, 14.4731, 19.3673, 14.0898, 19.1042, 21.3364, 18.0246, 19.2475, 15.5059, 18.1678, 13.0336, 16.5121, 18.6011, 21.1198, 20.087, 13.8233, 6.36354, 3.48152, 14.7597, 10.8748, 22.5358, 19.0808, 21.8395, 18.2412, 15.0726, 10.0817, 5.23401, -1.65269, 
0, 17.5372, -30.1159, 18.8905, -1.53233, 8.19257, 1.38497, -12.5787, -11.2255, 17.3581, 6.66024, 9.57754, -2.58916, 21.3958, -5.83461, 14.4894, 0.874197, -9.39676, -1.23594, 15.5612, 8.65479, 15.3636, 8.68655, 23.3903, 18.4114, 20.7192, -20.1264, -8.72015, 13.0559, 12.9571, 9.06677, 0.592771, 22.7808, 16.0049, -21.9234, 20.2754, 11.7026, -15.6265, 19.7647, 14.8846, -5.63701, 9.36315, 20.473, -3.84006, 1.87895, 22.27, 19.1868, -11.9338, 1.26938, 19.8635, 2.35796, 15.8744, 5.50462, 22.0054, -12.0326, -8.11058, 6.85783, 16.1707, 2.45676, 9.97272, 22.8796, 21.5934, 22.1041, 18.9222, 
0, 23.2008, 34.885, 21.3177, 26.3252, 9.00164, 10.6708, 58.0858, 56.2027, 47.6429, 35.3269, 19.6725, 58.7894, 24.6321, 31.3088, 16.1075, 19.4459, 60.4586, 56.9064, 55.9409, 47.4163, 35.5534, 59.9702, 36.7215, 42.6466, 25.5736, 35.5887, 59.5171, 52.6265, 42.4328, 28.4475, 61.1623, 35.3029, 49.526, 43.8867, 31.9885, 54.5095, 50.9926, 40.7636, 56.8824, 51.6962, 59.0287, 52.3759, 43.3983, 61.6394, 44.078, 51.8988, 44.5903, 60.2208, 50.9573, 40.3104, 26.7784, 57.5974, 26.0507, 34.3966, 60.9357, 55.7143, 57.3595, 50.5042, 60.4473, 45.4966, 45.0195, 36.2444, 33.8716, 
0, -1.7118, 13.3055, 10.6409, 17.0769, 5.44271, 7.58804, 11.5937, 23.9464, 27.7177, 22.5196, 13.0307, 15.3802, 10.3963, 18.9776, 8.98967, 13.2803, 17.5255, 27.7328, 29.374, 27.9673, 22.27, 23.2027, 15.8441, 11.5685, 4.21999, 17.092, 23.7018, 29.6185, 26.0665, 18.723, 21.312, 17.9844, 15.3651, 18.7482, 18.2289, 17.2658, 22.2952, 23.9212, 23.1976, 26.0816, 29.379, 25.3329, 24.4254, 25.348, 23.6767, 21.2969, 22.5347, 27.4883, 27.4732, 24.4204, 16.5777, 17.2709, 8.25603, 18.9827, 21.5615, 29.6236, 27.2337, 27.9723, 27.2387, 21.5364, 17.5003, 11.808, 5.87624, 
0, 22.3664, -15.9484, 20.9601, 4.53945, 8.88245, 3.4089, 6.41794, 5.01165, 25.4995, 13.4219, 12.2913, 14.3835, 24.1553, 2.2611, 15.8691, 4.92205, 8.90999, 12.9772, 26.4164, 18.1302, 20.7912, 22.9454, 28.8636, 27.2884, 24.8584, -7.98285, 8.20684, 23.2212, 20.4086, 13.8045, 16.8756, 27.5642, 26.9058, -7.066, 24.369, 24.6275, -0.0793025, 25.8821, 27.1195, 7.8863, 22.2423, 29.9942, 6.96945, 17.4719, 29.0773, 29.3979, 0.899599, 16.1724, 28.6947, 11.1435, 19.278, 20.4534, 25.4547, -1.913, 9.50629, 19.0471, 27.7158, 13.9561, 23.5417, 30.3768, 29.7805, 28.2673, 25.7753, 
0, -40.1974, 5.42635, -5.85296, 13.7001, -0.0552365, 6.46244, -34.771, -0.426612, 7.84712, 13.6448, 6.4072, -29.859, -11.5954, 14.4753, -2.00622, 11.0291, -23.3413, 4.48545, 2.87982, 12.469, 9.02291, -15.413, -12.7712, -29.1683, -28.7677, 10.3384, -6.1691, 8.62231, 11.6939, 10.9739, -18.4293, -5.133, -26.4973, 5.37111, 0.609482, -25.7221, 3.42012, 5.17617, -14.2924, 8.33218, 1.75927, -5.5336, 13.2995, -8.89527, -0.566312, -15.0676, 10.2832, -1.25704, 2.10463, 14.42, 4.45622, -26.8427, -19.2337, 13.3547, -13.8073, 7.50175, -4.75841, 11.3485, -5.87897, -8.20454, -17.7385, -22.3052, -33.735, 
0, -33.9942, -30.0846, -3.19443, -1.51891, 0.830941, 1.38945, -64.0788, -33.279, -4.71333, -0.687966, 2.22039, -54.0937, -8.05074, -5.81671, -0.233869, 0.883145, -53.5352, -23.294, -13.8674, -6.05058, 0.649276, -35.4609, -13.4133, -33.111, -23.4506, -20.0996, -38.1353, -9.01114, -1.75278, 1.71409, -43.5502, -6.66129, -35.5131, -29.2537, -1.80498, -39.8109, -30.3185, -2.31128, -29.2673, -20.3334, -20.061, -16.3217, -11.1793, -34.9024, -7.16759, -24.9695, -19.2686, -28.1503, -9.56964, -4.98577, 1.15558, -46.0044, -14.8028, -12.0103, -44.8874, -15.2047, -20.6195, -12.2441, -26.8131, -13.9196, -22.5675, -22.0612, -32.6047, 
0, 37.5095, 1.05588, 27.45, 11.827, 11.0457, 5.83809, 38.5654, 28.5059, 39.277, 22.8728, 16.8838, 44.1018, 32.8085, 11.9779, 20.1957, 9.78043, 38.8941, 34.0423, 44.7864, 32.1736, 29.9762, 48.0712, 42.1093, 47.2899, 37.8382, 6.59229, 33.8644, 39.4279, 32.0228, 20.8262, 44.4305, 38.6466, 49.3365, 12.1016, 33.2881, 49.4874, 21.2516, 37.2304, 49.8161, 26.788, 43.0414, 48.0983, 21.2787, 42.8635, 42.5889, 49.6653, 17.638, 39.4008, 44.6355, 23.0236, 26.0338, 47.7424, 36.2712, 10.2329, 37.3271, 37.6829, 48.2491, 30.4287, 46.5042, 46.0517, 47.6187, 43.6763, 43.3476, 
0, 16.5599, 1.61401, 18.4716, 12.0662, 8.05295, 5.91782, 18.1739, 20.0856, 30.5378, 20.1192, 13.9708, 23.6306, 20.8373, 12.2968, 14.2101, 9.93989, 21.4954, 25.5423, 33.1341, 26.5069, 24.15, 30.513, 27.2251, 26.4998, 19.8814, 7.07069, 22.4513, 30.7684, 26.2764, 17.9928, 26.9521, 26.7551, 28.6261, 9.66695, 24.3894, 28.8567, 15.8242, 28.4115, 32.1782, 21.2808, 31.4689, 33.3735, 18.6846, 28.3779, 30.7772, 31.9476, 15.1236, 27.908, 32.9035, 20.3497, 20.128, 27.1915, 21.3072, 10.6316, 22.9212, 29.1032, 33.604, 24.8418, 31.9388, 31.2471, 29.8213, 25.7993, 22.4777, 
0, 39.455, -37.0096, 28.2838, -4.48675, 11.3237, 0.400167, 2.44544, -8.72579, 23.797, 6.83693, 11.7238, 13.4198, 33.9202, -9.77384, 20.7516, -1.09542, 2.49625, 2.24854, 24.1464, 10.9778, 19.6562, 22.5492, 38.0611, 38.3596, 39.5058, -26.0353, -3.08936, 18.51, 16.2649, 10.2283, 13.4706, 34.3204, 34.9683, -25.6859, 28.684, 29.6812, -16.258, 27.1884, 29.732, -5.28364, 16.9636, 33.1742, -5.63299, 11.6257, 32.8248, 35.0191, -14.7116, 7.88497, 29.4335, 1.54984, 21.1518, 22.4984, 37.6609, -16.9567, 0.65132, 11.3271, 27.8871, 3.79494, 20.7042, 36.5655, 38.4104, 39.906, 39.8552, 


0, -15.0922, -20.6367, 4.9064, 2.5302, 3.53122, 2.73915, -35.7289, -15.7303, 7.4366, 6.06141, 6.27037, -27.0936, 2.75037, -0.417907, 5.16669, 3.58255, -27.8856, -7.09495, 2.33247, 4.74878, 8.74923, -12.5107, 1.43774, -11.5097, -7.24894, -12.0014, -17.8863, 4.4885, 7.69688, 7.11376, -19.2503, 5.48952, -12.562, -17.1055, 7.64555, -15.5101, -15.47, 8.48895, -7.66684, -6.83467, -2.51138, 1.22879, -1.73054, -13.3028, 6.33292, -4.71874, -8.47014, -9.25099, 5.28057, 3.11331, 7.90583, -20.354, -1.30141, -5.26176, -21.9381, -0.355353, -1.71931, -0.0950704, -6.56317, 2.28114, -3.66639, -4.50979, -12.3531, 
0, -52.1549, -22.3476, -10.9776, 1.79694, -1.76346, 2.49473, -74.5026, -33.3253, -9.18069, 0.0334805, 0.731272, -65.6228, -18.4283, -1.39558, -5.42267, 3.09371, -61.3646, -24.4455, -19.8239, -6.81825, -2.32896, -45.5008, -25.2801, -49.0612, -39.017, -13.4679, -40.776, -12.3732, -3.62573, 1.33025, -52.4849, -15.9336, -50.358, -24.1111, -8.48289, -53.5505, -27.7703, -7.88391, -40.4126, -18.8905, -24.9122, -25.9778, -8.24731, -41.2427, -15.3346, -37.2201, -15.2313, -31.8962, -16.6314, -3.15904, -2.92794, -58.6388, -27.7748, -6.48385, -50.1224, -17.4615, -29.1704, -11.9065, -34.2586, -24.6811, -35.9233, -36.5223, -49.6602, 
0, 46.1944, -39.8069, 31.1721, -5.68561, 12.2864, 0.000545768, 6.38748, -8.63483, 25.4865, 6.60083, 12.287, 17.7614, 37.7713, -11.3723, 22.6772, -1.89466, 5.47553, 2.73913, 26.399, 11.3048, 20.7825, 26.3277, 42.4753, 44.2998, 45.2825, -28.433, -2.03563, 19.7998, 16.9915, 10.3918, 16.8495, 37.7719, 40.5088, -27.5205, 31.1726, 34.8221, -17.1298, 29.2774, 33.9101, -5.75582, 18.8165, 36.7891, -6.66833, 14.0418, 35.8766, 39.5968, -16.1465, 9.33833, 32.0857, 0.914128, 22.6777, 27.2396, 42.4748, -18.9548, 2.66782, 12.2173, 31.1024, 3.72238, 23.52, 40.5801, 43.3878, 45.283, 46.195, 
0, 22.1786, -32.6453, 20.8796, -2.61635, 8.85561, 1.02363, -10.4667, -11.7657, 18.2633, 6.23927, 9.87925, -0.115867, 24.048, -7.27996, 15.8155, 0.151517, -7.94785, -1.41484, 16.768, 8.53552, 15.967, 10.8581, 26.3442, 22.3301, 24.6975, -22.2944, -8.59734, 13.5996, 13.1991, 9.00713, 2.40301, 25.0716, 19.5622, -23.7897, 21.9032, 14.8986, -16.8298, 21.0311, 17.4175, -6.47896, 10.2086, 22.7042, -4.98371, 3.02614, 24.1995, 22.0811, -13.4388, 1.75353, 21.4316, 1.57565, 16.8391, 8.33925, 25.3206, -13.8393, -7.32472, 7.04028, 18.0406, 1.97616, 11.4813, 25.4721, 24.849, 25.7211, 23.2022, 
0, 3.5606, 9.25231, 12.9005, 15.3398, 6.19591, 7.00901, 12.8129, 22.1528, 28.2402, 21.5357, 13.2049, 17.1784, 13.4091, 16.6615, 10.4961, 12.1223, 17.9915, 26.5183, 30.0707, 27.1576, 22.6183, 24.8267, 19.031, 15.6829, 8.73919, 13.6178, 22.6614, 29.562, 25.8358, 18.3182, 22.357, 20.4181, 18.9004, 15.4482, 19.9095, 20.2221, 19.7484, 25.0227, 25.4007, 24.1139, 29.4967, 27.3618, 22.2835, 25.6398, 25.5314, 24.079, 19.8137, 27.0269, 28.7489, 22.8574, 17.5051, 19.6481, 12.022, 16.0875, 21.2743, 28.988, 28.6836, 26.5836, 28.1096, 24.1443, 20.8615, 15.7482, 10.5696, 
0, -32.3922, -24.3196, -2.50789, 0.951819, 1.05979, 2.21302, -56.7118, -26.8275, -1.55607, 2.01161, 3.27281, -47.5503, -7.13535, -2.52241, 0.223824, 2.5303, -46.3971, -17.666, -9.65776, -2.29858, 2.75412, -29.9699, -11.4455, -29.8619, -22.0775, -15.1581, -31.4549, -5.0303, 1.17564, 3.59008, -37.2356, -4.92233, -31.4404, -23.2598, -0.294865, -34.9146, -24.0958, 0.0224079, -24.5999, -14.9343, -15.0277, -12.7067, -6.8326, -28.8167, -4.60505, -21.1257, -14.0983, -22.2935, -6.18353, -1.46262, 2.43685, -40.2846, -13.6586, -7.89238, -37.9781, -10.4003, -16.181, -7.66856, -21.5509, -11.1283, -19.5472, -19.8645, -30.1792, 
0, -7.55165, 29.6742, 8.13808, 24.092, 4.60844, 9.92642, 22.1225, 37.8123, 32.2301, 28.7005, 14.5349, 23.5706, 7.05927, 28.3312, 7.32114, 17.9571, 28.8886, 39.2604, 35.3905, 35.6523, 25.2782, 29.889, 14.0111, 10.4054, -0.785593, 31.1223, 36.7335, 36.4693, 31.4131, 22.5655, 30.3367, 16.9857, 16.5404, 34.2826, 18.0645, 20.7795, 36.9953, 26.0952, 27.5456, 38.4434, 37.7339, 28.1767, 35.283, 35.207, 25.0164, 23.3064, 35.7307, 38.1815, 31.1513, 32.9396, 17.2476, 23.123, 4.08471, 30.6746, 33.7589, 38.8127, 32.4159, 37.9957, 34.7593, 22.0418, 17.1715, 9.14083, 2.37478, 
0, -21.6382, 39.3119, 2.10099, 28.2225, 2.59608, 11.3032, 17.6737, 41.4129, 30.3235, 30.8186, 13.8993, 17.745, -0.99018, 33.8385, 3.29641, 20.7107, 26.4522, 41.4842, 32.8483, 37.1349, 24.0071, 24.6989, 5.32614, -0.927459, -12.8598, 39.3832, 38.3218, 35.9395, 31.5189, 23.3068, 26.5234, 10.3131, 6.58428, 41.908, 13.4042, 12.2003, 42.6083, 22.8117, 20.9787, 42.6796, 36.5685, 22.2454, 40.1548, 33.4061, 19.7206, 15.3627, 41.9793, 38.393, 27.2323, 36.4345, 14.5996, 15.9205, -5.9771, 37.5587, 33.3348, 39.6597, 27.8614, 40.8551, 31.5816, 14.7336, 7.85096, -1.55653, -10.3349, 
0, -21.1339, 47.554, 2.3171, 31.7548, 2.66812, 12.4807, 26.4201, 49.8711, 34.0719, 34.4229, 15.1488, 25.3139, -0.702029, 38.5482, 3.44048, 23.0656, 35.1264, 48.7649, 37.8462, 41.9887, 26.5061, 31.0183, 6.86376, 1.93168, -12.4275, 46.4478, 46.852, 40.8653, 35.1953, 25.7337, 34.0203, 11.7786, 10.6209, 50.2221, 14.7978, 17.4143, 50.9945, 25.3827, 26.1207, 49.8883, 42.7439, 26.1379, 46.114, 40.8309, 22.3636, 19.3272, 49.1159, 45.7458, 31.0527, 41.2163, 15.9212, 22.312, -5.61691, 43.4459, 41.9371, 45.763, 32.9313, 46.8864, 37.829, 17.4487, 10.6381, 0.0531293, -8.65325, 
0, 54.8424, 28.5034, 34.8784, 23.5902, 13.5219, 9.75916, 83.3458, 63.3818, 58.4686, 37.1121, 23.281, 84.9612, 42.713, 27.6622, 25.148, 17.6226, 81.1984, 64.9971, 70.3752, 52.8102, 42.7706, 82.5334, 58.4111, 72.465, 52.695, 30.1187, 71.2164, 62.5406, 48.7383, 31.1445, 82.8138, 52.4722, 78.4327, 42.0253, 44.6376, 82.5046, 53.6514, 52.501, 80.3572, 55.2668, 72.5513, 72.2421, 43.3602, 78.7706, 60.3356, 76.2853, 43.6406, 72.8318, 66.3033, 41.184, 34.9072, 84.6807, 48.6519, 29.8383, 77.1553, 64.7167, 76.3141, 54.9863, 78.4902, 66.2745, 70.3176, 62.4542, 64.6016, 
0, 38.865, 20.371, 28.0309, 20.1049, 11.2394, 8.5974, 59.236, 48.402, 48.1359, 31.3443, 19.8368, 62.0131, 33.5831, 23.0151, 20.583, 15.299, 59.3711, 51.1791, 56.5982, 43.5981, 35.8821, 63.0296, 45.8369, 54.164, 39.0001, 23.1481, 53.9541, 51.046, 40.688, 26.5384, 62.1482, 42.1805, 58.9699, 31.6104, 36.6283, 61.8801, 40.9541, 43.33, 62.0152, 43.7312, 57.6125, 57.3444, 35.2689, 60.3876, 48.8821, 59.105, 34.3875, 56.7312, 53.688, 34.2545, 29.1804, 62.8945, 37.2395, 24.0295, 57.6105, 52.0604, 60.2545, 44.6125, 61.2689, 52.5385, 54.2991, 47.5975, 47.4624, 
0, -38.3752, -34.3402, -5.07204, -3.34272, 0.205071, 0.781509, -72.7154, -39.4122, -8.41476, -3.13765, 0.986579, -62.1224, -10.5542, -8.24846, -1.48561, -0.332733, -61.546, -28.8192, -18.8027, -9.73407, -1.81834, -42.2558, -17.1506, -38.708, -27.2058, -23.7472, -44.8944, -13.3205, -4.82833, -0.127662, -50.953, -9.77271, -41.718, -34.1351, -4.29053, -46.6237, -35.8258, -5.40477, -35.4543, -25.2328, -25.6042, -21.2749, -14.8449, -41.6793, -10.8869, -30.5485, -23.5421, -34.3014, -13.8969, -8.04339, -0.7041, -53.4252, -17.9321, -15.05, -52.2723, -20.122, -26.1806, -16.5356, -32.9821, -18.2649, -27.5386, -26.4243, -37.5937, 
0, -1.74733, -47.2639, 10.6256, -8.88146, 5.43763, -1.06474, -49.0113, -36.6383, 1.74418, -3.44383, 4.37289, -36.572, 10.376, -15.6335, 8.97951, -4.02523, -43.0744, -24.199, -5.25743, -6.65394, 4.95428, -20.0917, 7.16592, -5.77256, 4.18953, -34.8247, -36.8879, -5.00781, 0.0980472, 1.4124, -30.6351, 9.31128, -10.6288, -41.8263, 9.5609, -17.3808, -38.2844, 6.60041, -11.4439, -25.8452, -13.9052, -0.650811, -18.8436, -26.594, 6.3508, -4.69193, -29.387, -24.4487, 1.49456, -10.1958, 7.91477, -26.0285, 8.23065, -24.2812, -39.0333, -13.6555, -7.4028, -15.3017, -16.0505, 4.20543, 0.164308, 3.1248, -2.81207, 
0, 16.7541, -23.7292, 18.5548, 1.20486, 8.0807, 2.29737, -6.97503, -5.17432, 19.7597, 9.28556, 10.3781, 2.1021, 20.9483, -2.18502, 14.2656, 2.69899, -3.68123, 3.90281, 18.7633, 12.0806, 16.9646, 12.5773, 23.7434, 19.4531, 20.0479, -14.652, -2.78087, 16.3698, 15.4705, 10.7797, 5.39591, 23.2457, 17.959, -15.6485, 20.8522, 14.5691, -9.46352, 21.2538, 17.8629, -0.38638, 13.4776, 22.6508, 0.61005, 6.79396, 23.6473, 21.2528, -6.57133, 6.29626, 22.1531, 5.89568, 16.563, 9.28348, 21.446, -7.47065, -2.28318, 11.0842, 19.261, 6.79499, 13.9753, 24.145, 22.7469, 22.3453, 19.0515, 
0, 29.9312, 41.9786, 24.2022, 29.3653, 9.96314, 11.6842, 71.9098, 66.1808, 53.5675, 39.3285, 21.6473, 71.6001, 28.478, 35.3623, 18.0305, 21.4726, 73.3212, 65.8711, 63.8403, 53.3928, 39.5032, 70.806, 42.5424, 51.4038, 31.3426, 41.6689, 70.4566, 59.5644, 47.3959, 31.4358, 73.0115, 40.1622, 59.2965, 51.9417, 35.8863, 65.2935, 60.0091, 45.6748, 66.7048, 59.6994, 67.9415, 60.2235, 49.4266, 72.5271, 49.9507, 60.7079, 51.632, 70.1469, 57.8434, 45.3254, 29.7147, 69.3947, 30.8582, 39.4635, 72.8368, 63.6656, 66.2205, 57.494, 70.3216, 52.3308, 52.8152, 43.0268, 41.6154, 
0, 34.2076, -29.2289, 26.0349, -1.15219, 10.574, 1.51169, 4.97863, -3.19404, 24.8827, 9.42186, 12.0857, 14.8414, 30.9217, -5.32775, 19.2523, 1.12763, 5.77909, 6.66876, 25.5939, 13.9246, 20.38, 23.609, 35.4244, 35.3352, 35.008, -19.3661, 1.69275, 20.7071, 18.1002, 11.7017, 15.6419, 32.4334, 33.0554, -18.6549, 27.5466, 28.8798, -9.97659, 27.1625, 29.6803, -0.113783, 19.5226, 32.7605, -0.825009, 14.5466, 32.0493, 33.8558, -8.79207, 11.5556, 29.7695, 5.2463, 20.764, 22.8085, 33.9127, -11.3991, 4.68379, 14.6358, 28.585, 7.85328, 22.5137, 35.0403, 36.1356, 36.5197, 35.7192, 


0, -7.33961, -4.96639, 8.22895, 9.24604, 4.63873, 4.97776, -12.306, 3.26256, 17.475, 13.8848, 9.6165, -5.90927, 7.18044, 8.53656, 7.38172, 8.05978, -5.57024, 9.65929, 15.717, 15.9183, 15.4415, 5.32748, 9.21393, 0.720166, -0.603845, 1.43034, 2.21404, 16.7655, 16.6278, 12.6985, 0.826492, 12.1582, 1.90643, -0.327661, 13.2067, 1.19695, 2.41532, 16.2887, 7.93271, 8.81206, 13.1118, 13.4822, 10.5701, 5.66651, 15.2402, 8.6422, 6.06907, 8.61077, 16.4265, 13.1753, 12.3595, -1.40829, 4.23617, 5.93132, -0.730225, 14.1603, 12.7727, 13.313, 10.1675, 12.2959, 7.45593, 4.37392, -2.36185, 
0, -31.9852, -4.58463, -2.33343, 9.40966, 1.11794, 5.0323, -36.5698, -6.91806, 7.07622, 10.5276, 6.15024, -30.2276, -6.90274, 8.75471, 0.340127, 8.16885, -26.3132, -0.575866, 1.85197, 9.09484, 8.50898, -15.5246, -8.3355, -23.8163, -21.7286, 1.75757, -11.4874, 6.42128, 9.74978, 9.28679, -19.971, -1.87044, -22.5755, -3.46669, 2.69887, -23.2305, -4.2445, 5.83542, -12.9739, 2.09769, -0.69873, -3.95814, 7.32195, -11.6102, 1.26611, -12.319, 2.8755, -5.14518, 2.50691, 9.87265, 5.37243, -25.7812, -13.3678, 6.20401, -17.9524, 3.87058, -4.61309, 6.54414, -7.16379, -5.19895, -13.5598, -16.6963, -26.9529, 
0, 38.2063, 12.8343, 27.7486, 16.8749, 11.1453, 7.52072, 51.0406, 40.5829, 44.6236, 28.0202, 18.666, 54.8944, 33.2067, 18.7084, 20.3948, 13.1457, 51.2698, 44.4367, 51.9151, 39.1032, 33.5405, 57.0816, 44.2897, 51.352, 38.4355, 16.6881, 46.041, 46.457, 37.2698, 24.291, 55.1236, 40.7274, 55.0812, 23.9796, 35.2694, 56.9147, 33.2291, 40.8943, 57.1439, 37.0829, 51.8528, 53.6439, 29.7914, 53.4571, 46.3524, 55.3104, 27.8334, 49.8948, 50.0816, 29.8537, 27.9156, 56.8524, 36.769, 18.6461, 49.6033, 46.3947, 55.4774, 39.0409, 55.4151, 49.9147, 51.5812, 45.9563, 45.7271, 
0, -44.0961, -13.8701, -7.52383, 5.43018, -0.612195, 3.70581, -57.9662, -21.3939, -2.09365, 4.81799, 3.09362, -50.2975, -13.8233, 3.44874, -3.12014, 5.51587, -45.9795, -13.7252, -10.3745, 0.328605, 2.39573, -32.5379, -18.3127, -38.5802, -32.1094, -6.20138, -27.6933, -4.07509, 2.31004, 4.90368, -38.3108, -10.1175, -38.6659, -14.4823, -3.81802, -40.6474, -16.9902, -2.00796, -28.6607, -9.32152, -14.2517, -16.5883, -1.04064, -28.2199, -8.30741, -26.6792, -6.81358, -20.0247, -8.39309, 2.83655, 0.585671, -44.5246, -22.0185, -0.428443, -35.8885, -7.95228, -18.5697, -3.54858, -22.4469, -16.5026, -26.5935, -28.4036, -40.3903, 
0, -2.78152, -3.56808, 10.1824, 9.84532, 5.28989, 5.17753, -6.34959, 6.61434, 20.0277, 15.1352, 10.4674, -0.15262, 9.78506, 9.3356, 8.68403, 8.4593, -0.264985, 12.8113, 19.1207, 18.0196, 17.1433, 10.2332, 12.6695, 5.67778, 3.30309, 2.6289, 6.21698, 19.518, 18.5294, 13.7492, 5.93199, 14.9626, 7.0638, 1.72181, 15.3599, 6.55408, 5.11595, 18.6417, 12.6387, 11.3129, 16.7152, 17.3373, 12.22, 10.1208, 18.2444, 13.1484, 7.91879, 12.414, 19.6304, 14.6255, 13.8616, 4.1486, 7.49195, 6.93012, 3.92387, 17.1125, 16.8275, 15.6142, 14.4221, 15.9512, 11.7624, 8.48062, 2.39601, 
0, -29.5473, 6.76383, -1.28863, 14.2733, 1.46621, 6.65351, -22.7835, 5.4752, 12.9847, 15.7395, 8.11972, -18.0625, -5.50967, 15.2395, 1.03666, 11.4113, -12.8752, 10.1962, 9.72987, 16.2762, 12.4479, -5.32895, -4.97295, -18.136, -19.639, 11.4848, 1.25416, 13.9509, 15.3099, 12.8775, -8.15419, 1.14384, -15.274, 8.23004, 5.36488, -14.3078, 7.8005, 10.1226, -4.39946, 12.5215, 8.80038, 2.64682, 15.7763, -0.141645, 5.9016, -5.36573, 12.951, 5.97515, 8.76361, 16.7058, 7.69017, -15.2372, -11.6265, 14.3101, -4.86263, 13.0214, 3.61308, 15.3467, 2.68359, -0.215193, -8.22774, -12.9855, -22.8938, 
0, 39.6054, 27.4263, 28.3482, 23.1286, 11.3452, 9.6053, 67.0317, 55.7746, 51.4769, 34.4738, 20.9505, 68.8009, 34.0061, 27.0467, 20.7946, 17.3148, 67.0611, 57.5438, 61.0528, 47.8413, 38.1094, 68.7037, 47.3736, 56.9202, 39.6347, 29.1955, 61.4325, 55.3949, 43.9232, 28.66, 68.8303, 43.6114, 62.734, 38.7715, 37.9535, 66.6521, 48.2209, 45.6631, 66.6814, 49.9901, 63.0751, 60.8969, 40.4142, 66.9639, 51.321, 62.7634, 40.5407, 63.2017, 57.1348, 38.3919, 30.3999, 68.6744, 37.7683, 29.069, 65.1946, 57.4172, 64.815, 49.8636, 66.8373, 55.0831, 56.9496, 49.24, 49.2107, 
0, 37.2196, -2.25298, 27.3258, 10.4089, 11.0043, 5.36539, 34.9667, 25.0728, 37.7347, 21.4133, 16.3697, 40.9758, 32.6429, 10.0871, 20.1129, 8.83504, 35.3368, 31.0819, 42.7299, 30.2, 28.948, 45.4593, 41.4296, 46.0547, 37.5898, 3.75613, 30.3899, 37.4129, 30.5219, 19.8394, 41.3459, 38.0083, 47.6286, 8.75136, 32.6912, 47.3067, 17.86, 36.1608, 47.6769, 23.8691, 40.5123, 46.4731, 18.8738, 39.8203, 41.4779, 47.9987, 14.7605, 36.399, 43.0518, 21.0914, 25.4783, 45.0891, 36.0642, 7.86948, 33.8112, 35.1953, 46.1513, 27.9824, 43.9337, 44.8992, 46.4248, 42.9552, 42.585, 
0, -8.12035, 14.1347, 7.89435, 17.4322, 4.5272, 7.70649, 6.01436, 22.0291, 25.3266, 21.9594, 12.2337, 9.68237, 6.7343, 19.4515, 7.15865, 13.5172, 12.8617, 25.6971, 26.1858, 26.6101, 20.6759, 18.3019, 11.385, 5.39689, -1.27305, 17.8027, 20.869, 27.3458, 24.5909, 18.0444, 16.5297, 14.4408, 9.31188, 18.6619, 15.6008, 11.3311, 21.2934, 21.4116, 18.1784, 24.9614, 26.3093, 21.1107, 24.1022, 21.4812, 20.2515, 16.1592, 22.3299, 24.537, 24.1665, 23.9787, 14.8651, 11.4546, 3.6785, 19.575, 17.8132, 27.4693, 23.13, 26.7336, 23.2535, 17.1957, 12.2442, 6.43345, -0.413854, 
0, -27.4412, 42.3848, -0.386005, 29.5394, 1.76708, 11.7422, 14.9436, 41.9988, 29.1534, 31.3065, 13.5093, 14.5759, -4.30617, 35.5944, 1.63841, 21.5887, 24.551, 41.631, 31.2882, 37.2328, 23.2271, 21.9198, 1.62012, -5.8525, -17.8338, 42.0171, 38.0786, 35.2084, 31.1778, 23.3558, 24.1833, 7.43604, 2.09822, 44.1519, 11.3562, 8.15318, 44.0232, 21.2027, 17.7606, 43.6555, 35.4474, 19.4173, 41.5207, 31.895, 17.2825, 11.7056, 43.7841, 37.7109, 25.2332, 37.3614, 13.3806, 12.3124, -10.1221, 39.7536, 32.2627, 39.3676, 25.4723, 41.392, 29.6315, 11.4666, 3.75493, -6.09155, -15.699, 
0, 25.1198, -27.4212, 22.1401, -0.377441, 9.27579, 1.76994, -2.30139, -5.28106, 21.7627, 8.89835, 11.0457, 7.30317, 25.7287, -4.29476, 16.6558, 1.64412, -0.202682, 4.32349, 21.4339, 12.3611, 18.3, 17.1107, 29.1914, 26.7639, 27.2185, -17.8166, -1.69252, 17.8454, 16.2784, 10.9199, 9.40188, 27.4986, 24.7424, -18.1454, 23.9101, 20.825, -10.7654, 23.7842, 22.9238, -1.1608, 15.6209, 27.044, -0.832028, 9.60483, 27.3728, 26.8411, -8.54084, 7.91204, 25.3512, 4.98103, 18.4258, 15.012, 27.4215, -10.1078, 0.000272884, 12.0323, 23.1267, 6.54802, 17.3136, 29.0656, 28.8626, 28.9884, 26.8897, 
0, -24.0552, 10.166, 1.06511, 15.7314, 2.25079, 7.13954, -13.8892, 11.2311, 16.7965, 17.9822, 9.39032, -9.65426, -2.37136, 17.1837, 2.60582, 12.3833, -4.76551, 15.4661, 14.8123, 19.7895, 14.9891, 1.80866, -0.56403, -11.6719, -14.9315, 14.401, 7.79466, 18.2488, 18.3372, 14.6341, -0.530548, 4.76818, -8.32388, 12.4168, 8.20465, -6.87159, 12.7718, 13.4484, 2.25213, 17.0068, 14.3688, 8.0278, 18.991, 6.69741, 10.012, 0.799836, 16.6518, 12.0296, 13.36, 19.4344, 9.74536, -7.31505, -7.70357, 16.7402, 2.46245, 17.8053, 9.48008, 19.346, 9.03662, 4.67976, -2.5482, -7.79199, -16.9157, 
0, 22.1259, 6.98171, 20.857, 14.3667, 8.84809, 6.68464, 29.1076, 27.8387, 35.2237, 23.2148, 15.5327, 33.7975, 24.0179, 15.364, 15.8004, 11.4735, 31.634, 32.5286, 39.3819, 31.1645, 27.274, 39.118, 31.9676, 33.5994, 24.6523, 11.6716, 30.9996, 36.2211, 30.1671, 20.3216, 36.3239, 30.7025, 36.4925, 15.8298, 27.5417, 37.4899, 22.7821, 32.3305, 40.0163, 27.472, 38.4835, 39.6496, 23.3138, 36.9545, 35.4914, 39.019, 20.5197, 35.6894, 38.3845, 24.2121, 22.4851, 36.5916, 25.283, 14.4657, 32.2647, 35.3227, 40.647, 30.2661, 39.7486, 36.7565, 36.1258, 31.3369, 28.8105, 
0, -25.6544, 30.2457, 0.379776, 24.337, 2.02234, 10.0081, 4.59137, 30.6255, 24.7167, 26.3593, 12.0304, 5.95781, -3.28513, 28.6578, 2.14893, 18.1204, 13.9435, 31.9919, 25.3726, 30.8067, 20.2693, 14.7806, 1.16228, -7.53397, -16.3022, 31.6122, 26.9606, 29.0375, 26.4859, 20.1427, 15.31, 6.72294, -1.3174, 32.2681, 10.3878, 3.00342, 32.3947, 18.5002, 12.3556, 33.7611, 27.7977, 15.4912, 33.1052, 22.7664, 14.8353, 8.03476, 33.6345, 28.327, 21.0518, 30.6801, 12.157, 5.42849, -8.84579, 31.0828, 21.3999, 31.4626, 19.812, 33.2318, 22.2371, 9.2746, 1.81819, -6.29413, -15.6463, 
0, -10.3174, -1.5379, 6.95278, 10.7154, 4.21334, 5.46755, -11.8552, 5.41488, 17.6682, 14.9287, 9.68089, -5.9483, 5.47887, 10.4957, 6.53093, 9.03935, -4.69409, 11.3218, 15.9746, 17.0266, 15.5703, 5.22406, 7.57676, -1.278, -3.15619, 4.36905, 3.94097, 17.4485, 17.2463, 13.2527, 1.21286, 10.9464, 0.398049, 2.67545, 12.4203, 0.17835, 4.99304, 15.9921, 7.33951, 10.9, 13.8591, 12.8246, 12.5936, 6.47827, 14.5182, 7.55921, 8.5824, 9.84792, 16.1943, 14.709, 11.9985, -1.9371, 2.10921, 8.38025, 0.571317, 15.333, 12.6049, 14.9112, 10.4895, 11.1486, 5.88316, 2.31136, -4.8498, 
0, 35.5677, -5.96209, 26.6178, 8.81932, 10.7684, 4.83552, 29.6056, 20.6557, 35.4371, 19.5877, 15.6039, 36.1446, 31.6989, 7.96759, 19.641, 7.77529, 30.2118, 27.1947, 39.6665, 27.6085, 27.4162, 41.394, 39.7198, 43.343, 36.1739, 0.576882, 25.7368, 34.5854, 28.4603, 18.5436, 36.7507, 36.5344, 44.387, 4.80626, 31.4533, 43.5353, 13.6789, 34.3931, 44.1415, 20.2178, 36.919, 43.7036, 15.9885, 35.4611, 39.4742, 44.9932, 11.3452, 32.2758, 40.5182, 18.7359, 24.4765, 40.7878, 34.8843, 5.22011, 28.9222, 31.8379, 42.8519, 24.8611, 40.1044, 42.6596, 43.9492, 41.0094, 40.4032, 


0, -29.0642, -39.1692, -1.08158, -5.41231, 1.53522, 0.0916448, -68.2334, -40.2508, -6.4939, -3.87709, 1.62687, -56.9506, -5.23361, -11.0079, 1.1747, -1.71246, -58.3941, -28.968, -16.2415, -9.83322, -0.537765, -37.7242, -11.1897, -30.7766, -19.2249, -27.8864, -44.4028, -12.0895, -4.23762, -0.177238, -47.1113, -5.14196, -34.4765, -37.634, -0.989936, -40.0721, -37.9945, -2.79404, -30.2328, -26.7117, -23.7329, -16.6937, -16.964, -39.1678, -6.94607, -24.6372, -26.3512, -33.12, -10.6459, -9.47269, 1.26634, -47.5635, -11.2814, -18.4993, -50.4506, -19.5809, -22.2893, -17.3246, -29.7807, -12.9938, -20.9374, -19.1333, -28.9725, 
0, -55.2302, 15.6137, -12.2956, 18.0661, -2.20278, 7.91778, -39.6165, 3.31814, 5.77051, 15.8633, 5.715, -36.1598, -20.1856, 20.2966, -6.30131, 13.9398, -26.0392, 6.77486, 0.111016, 13.9953, 7.63851, -21.0215, -22.0536, -41.2904, -41.6529, 19.0704, -4.57188, 8.00104, 11.7648, 11.737, -22.5825, -12.2678, -37.1641, 13.411, -4.37781, -34.9336, 9.31242, 1.64423, -21.3563, 12.7691, 0.4458, -11.9053, 18.4286, -10.9009, -6.2458, -23.5868, 16.8677, -1.11517, -2.11952, 18.0939, 1.61647, -34.5988, -29.9714, 20.6314, -14.3577, 8.33582, -9.67476, 14.3301, -9.33998, -16.0316, -27.7131, -33.7351, -47.3124, 
0, 31.202, -17.3016, 24.7468, 3.95952, 10.1447, 3.21559, 13.9004, 7.44519, 28.7063, 14.1042, 13.3603, 22.0593, 29.2042, 1.48786, 18.3936, 4.53543, 15.1302, 15.6041, 30.6921, 19.8815, 22.929, 29.5523, 34.9815, 35.7375, 32.4318, -9.1427, 11.9026, 26.2347, 22.3531, 14.6801, 23.2891, 32.4198, 35.1616, -7.15693, 27.9624, 32.6899, 1.09201, 29.2822, 33.9197, 9.25091, 26.3247, 35.7254, 7.26514, 22.6232, 33.7397, 36.3914, 1.00198, 20.0615, 33.1638, 11.6325, 21.6092, 28.3225, 31.7659, -2.87954, 14.4643, 21.8673, 33.2538, 15.5141, 28.8864, 36.3013, 36.9673, 35.6474, 34.4176, 
0, 29.7046, -14.2699, 24.105, 5.25883, 9.93077, 3.64869, 15.4347, 9.83515, 29.3639, 15.1896, 13.5795, 23.1605, 28.3486, 3.22027, 17.9658, 5.40164, 16.8785, 17.561, 31.5688, 21.1861, 23.3674, 30.4343, 34.345, 35.1063, 31.1484, -6.54409, 14.0787, 27.3253, 23.2246, 15.3324, 24.6043, 31.9973, 34.9634, -4.33913, 27.7537, 32.9249, 3.69589, 29.5067, 34.3686, 11.4217, 27.6345, 35.9552, 9.21673, 24.1522, 33.7502, 36.4072, 3.38667, 21.8045, 33.6074, 13.151, 21.6145, 28.9906, 30.6963, -0.714033, 16.4264, 23.391, 33.9166, 17.2517, 29.9823, 36.098, 36.55, 34.797, 33.3533, 
0, -19.6151, -33.6911, 2.96802, -3.06456, 2.88509, 0.87423, -53.3063, -30.7231, -0.0965428, -0.17947, 3.75932, -42.806, 0.165855, -7.87758, 3.87443, -0.147289, -44.8169, -20.2228, -7.71172, -4.00315, 3.72714, -25.7121, -3.65783, -19.7624, -11.1257, -23.1909, -33.5253, -4.90956, 0.809868, 2.7378, -34.3166, 1.04008, -22.6797, -30.806, 3.84225, -27.4927, -29.8167, 2.82073, -19.0033, -19.3164, -14.4205, -7.59661, -11.7013, -27.7229, 0.0185653, -14.1903, -20.3058, -23.025, -2.8987, -4.99249, 4.74866, -34.2015, -4.53206, -14.5863, -38.2232, -11.6183, -12.4096, -10.7119, -19.1184, -4.67935, -11.273, -10.2515, -18.7409, 
0, -16.3417, 55.2585, 4.37092, 35.0567, 3.35272, 13.5813, 38.9168, 59.6294, 39.4276, 38.4094, 16.934, 36.71, 2.03639, 42.9508, 4.8097, 25.2669, 46.9386, 57.4226, 44.9872, 47.7605, 30.0766, 40.6292, 11.3874, 8.92521, -8.31991, 53.0517, 57.2949, 47.3217, 39.8664, 28.6196, 44.7318, 15.6177, 18.715, 58.6112, 17.9522, 26.6091, 60.0682, 29.6378, 34.6309, 57.8614, 50.9855, 32.8628, 52.3018, 50.8578, 27.3033, 26.7368, 56.4044, 55.0881, 37.0931, 46.3035, 18.391, 32.6074, -2.19388, 48.9491, 53.0646, 53.32, 40.7569, 53.7588, 46.7552, 23.073, 16.947, 5.26141, -2.76037, 
0, -2.62444, 44.2888, 10.2497, 30.3554, 5.31233, 12.0142, 41.6644, 54.5386, 40.6052, 35.6678, 17.3266, 41.0247, 9.87482, 36.6824, 8.72891, 22.1327, 47.7266, 53.8988, 46.5572, 45.4113, 30.8616, 44.5514, 19.6184, 19.5083, 3.43773, 43.6491, 54.1637, 46.9321, 39.0843, 27.445, 47.0868, 21.889, 27.731, 49.6012, 22.264, 34.058, 53.0177, 32.3824, 40.1201, 52.378, 50.9885, 37.9596, 46.426, 51.2533, 32.0075, 33.7932, 48.9614, 53.5239, 40.2302, 41.9947, 20.7431, 38.4892, 7.60415, 41.1136, 51.893, 51.3634, 44.2866, 49.8425, 48.7178, 29.7369, 25.5704, 15.452, 9.38979, 
0, -11.1114, 42.1454, 6.61248, 29.4368, 4.09991, 11.708, 31.034, 48.7578, 36.0493, 33.5367, 15.8079, 30.7005, 5.02514, 35.4576, 6.30407, 21.5203, 38.3086, 48.4243, 40.4827, 41.7616, 27.8243, 35.7458, 13.2501, 10.4089, -3.83679, 41.8118, 47.1705, 42.07, 35.7409, 25.6202, 37.9751, 16.7332, 18.3254, 46.2453, 18.3205, 24.3462, 48.4494, 28.1328, 31.6208, 48.1159, 44.6077, 30.9788, 43.6825, 43.3539, 26.5454, 25.6, 45.9118, 46.837, 34.4619, 39.5575, 18.0121, 28.4712, 1.54205, 39.5826, 43.6874, 46.1951, 36.9996, 45.8866, 41.1246, 23.0623, 17.6835, 7.87123, 0.596638, 
0, -2.96001, 23.3119, 10.1059, 21.3653, 5.26439, 9.01752, 20.3519, 33.4178, 31.4712, 26.6297, 14.2819, 22.7089, 9.68306, 24.6956, 8.63303, 16.1393, 26.462, 35.7748, 34.3787, 33.3286, 24.7723, 29.2802, 16.382, 13.1793, 3.1501, 25.6689, 32.995, 34.8015, 29.9984, 21.4037, 28.819, 18.7006, 18.4053, 28.5763, 19.1234, 21.7356, 31.945, 26.2452, 27.8457, 34.3019, 35.8132, 28.7298, 31.3945, 33.0334, 25.8224, 24.5154, 30.9333, 35.352, 31.0484, 29.96, 17.6506, 23.1701, 7.36445, 26.1301, 30.6764, 36.236, 32.0601, 34.7632, 33.4946, 23.5038, 19.2894, 12.1676, 6.05751, 
0, 33.8483, -24.7741, 25.8809, 0.757044, 10.5227, 2.1481, 9.07423, 1.10685, 26.6379, 11.2798, 12.6708, 18.3006, 30.7164, -2.78211, 19.1497, 2.40044, 9.92601, 10.3332, 27.9343, 16.3676, 21.5501, 26.4831, 35.8042, 36.2487, 34.7001, -15.5477, 5.94232, 23.0988, 19.9067, 12.9232, 19.1524, 32.8645, 34.6053, -14.2513, 28.029, 31.0662, -5.62437, 28.2814, 31.918, 3.60203, 22.4994, 34.4131, 2.30571, 18.1084, 33.1168, 35.4571, -5.02494, 15.1687, 31.4734, 7.74061, 21.2978, 25.6313, 33.6561, -8.21701, 8.88203, 17.6639, 30.874, 10.9327, 25.4391, 36.0565, 37.1005, 36.8482, 35.9964, 
0, 2.68471, 49.3231, 12.5251, 32.513, 6.07078, 12.7334, 52.0078, 61.8482, 45.0381, 38.5838, 18.8042, 50.6489, 12.9086, 39.5591, 10.2458, 23.5711, 57.3115, 60.4893, 52.4678, 49.805, 33.8169, 52.698, 24.1298, 26.2558, 7.98843, 47.9642, 62.2317, 52.0842, 42.7588, 29.6419, 55.9526, 25.642, 35.1977, 55.3939, 25.2585, 42.2438, 59.5689, 36.0962, 47.5476, 58.21, 57.6182, 43.9094, 50.7803, 59.3606, 36.4797, 40.5014, 54.035, 60.8728, 45.4216, 45.6299, 22.9792, 47.3943, 11.3964, 44.7095, 60.7195, 57.2346, 50.9555, 54.9554, 56.1059, 34.9675, 31.5595, 20.7218, 15.4181, 
0, 30.4325, -10.6213, 24.417, 6.82251, 10.0347, 4.16992, 19.8112, 13.7957, 31.2395, 16.8573, 14.2047, 27.0158, 28.7645, 5.30518, 18.1738, 6.44409, 21.1509, 21.0003, 34.0697, 23.4789, 24.6178, 33.6644, 35.3862, 36.8766, 31.7723, -3.41673, 18.1432, 29.7222, 24.9963, 16.4788, 28.3555, 32.9344, 37.255, -0.586558, 28.5869, 35.7377, 7.55245, 30.8611, 37.0774, 14.757, 30.6566, 38.0388, 11.9268, 27.7995, 35.2086, 38.5948, 6.61802, 25.3478, 35.587, 15.3399, 22.3437, 32.3246, 31.2163, 1.8921, 20.5949, 26.3091, 36.5214, 20.0659, 33.1084, 37.6603, 38.2163, 35.9422, 34.6024, 
0, -8.49251, 12.6303, 7.73485, 16.7875, 4.47403, 7.49158, 4.13781, 20.3652, 24.5223, 21.2615, 11.9656, 8.02073, 6.52164, 18.5918, 7.05232, 13.0874, 11.0383, 24.2481, 25.1135, 25.6441, 20.1397, 16.9084, 10.9043, 4.5949, -1.59204, 16.5132, 19.152, 26.3267, 23.8398, 17.5614, 14.9212, 14.0132, 8.29498, 17.1044, 15.2264, 10.0993, 19.6826, 20.8223, 16.9998, 23.5656, 25.022, 20.2002, 22.9744, 19.9259, 19.609, 15.1954, 20.9873, 23.0349, 23.3091, 23.0659, 14.5439, 10.0079, 3.41267, 18.5004, 16.043, 26.2353, 22.0045, 25.5527, 21.9131, 16.5001, 11.4954, 5.89954, -1.00093, 
0, -12.9465, -15.8058, 5.82598, 4.60058, 3.83774, 3.42928, -28.7523, -9.97982, 10.4266, 8.43832, 7.26702, -20.8071, 3.97647, 2.34261, 5.77974, 4.9628, -21.2156, -2.0346, 6.31908, 8.12235, 10.7425, -7.2209, 3.6605, -7.98374, -5.40979, -7.86058, -11.8293, 8.16859, 10.3803, 8.80055, -13.2704, 7.40575, -8.34596, -11.9681, 9.25526, -10.6039, -10.0261, 10.7888, -3.06718, -2.08085, 2.16536, 4.8318, 2.02663, -7.62936, 8.93928, -0.809206, -4.02284, -3.88411, 8.57706, 6.18035, 9.20901, -14.7577, 0.231218, -1.81111, -15.5746, 4.01487, 2.57383, 3.96863, -1.57989, 5.19402, -0.446983, -1.98051, -9.51727, 
0, -11.7053, -52.6782, 6.35793, -11.2019, 4.01506, -1.83821, -64.3836, -46.3203, -4.84396, -7.18682, 2.17685, -51.1708, 4.68574, -18.7273, 6.13437, -5.57217, -57.0241, -33.1076, -14.0416, -12.593, 0.562197, -32.4944, -0.720415, -17.2775, -4.34589, -39.4655, -47.9925, -12.3694, -5.06751, -1.55711, -43.8114, 2.84753, -22.9072, -48.6632, 4.51972, -30.4327, -46.5438, 0.785755, -23.0732, -33.3311, -23.4628, -10.0841, -24.1335, -38.3477, -0.886435, -15.5478, -35.4504, -34.7798, -6.51615, -14.7123, 4.29616, -39.8539, 1.1178, -28.1485, -51.5604, -21.7906, -17.6095, -22.0142, -27.0308, -4.45437, -9.91807, -6.1841, -13.5435, 
0, -6.20317, 52.4171, 8.716, 33.839, 4.80108, 13.1754, 46.214, 61.1331, 42.555, 38.6401, 17.9765, 44.413, 7.82983, 41.3271, 7.70642, 24.4551, 52.7874, 59.3322, 49.157, 49.0336, 32.1615, 47.2898, 18.2233, 18.2519, 0.370254, 50.6162, 60.247, 50.0431, 41.5454, 29.2562, 50.9865, 21.0052, 27.6358, 57.2182, 21.8914, 35.124, 60.1235, 33.1711, 41.6974, 58.3226, 54.7494, 38.8869, 51.7206, 55.6641, 32.2849, 34.2092, 55.4173, 58.446, 41.6688, 46.1282, 20.8818, 40.7164, 5.04792, 46.9196, 57.465, 55.6356, 46.3751, 54.626, 51.9675, 29.503, 24.8253, 13.5457, 6.97224, 


0, 44.2597, 20.9906, 30.3429, 20.3705, 12.0101, 8.6859, 65.2502, 51.3335, 50.7134, 32.3805, 20.696, 67.9388, 36.6657, 23.3691, 22.1244, 15.4761, 64.6147, 54.0221, 60.0348, 45.4935, 37.6004, 68.0961, 49.7787, 59.7357, 43.6241, 23.6792, 57.6563, 53.712, 42.4948, 27.4861, 67.3033, 45.3516, 64.6301, 33.0006, 39.0288, 67.6288, 43.1149, 45.819, 66.9932, 45.8035, 61.1377, 61.4633, 36.4821, 64.772, 52.1418, 63.9946, 35.6892, 60.3449, 57.0362, 35.3792, 30.8103, 68.7317, 41.0928, 24.472, 62.0834, 54.8149, 64.4619, 46.5964, 65.5648, 56.5689, 59.1002, 52.31, 52.9456, 
0, 12.298, -40.6711, 16.6451, -6.05597, 7.44411, -0.122906, -28.3731, -24.026, 10.5891, 1.38814, 7.3212, -16.8757, 18.4019, -11.8661, 12.9925, -2.14156, -24.4427, -12.5286, 6.5358, 1.12634, 10.8509, -3.34364, 18.1401, 10.1564, 16.2284, -29.1737, -22.2692, 4.77894, 6.93649, 5.30254, -12.9453, 18.279, 6.24202, -33.227, 16.5222, 0.431865, -27.6786, 14.5035, 4.36226, -16.1812, -1.1701, 12.2071, -12.1279, -10.9107, 16.2604, 10.1724, -21.7296, -10.7718, 12.346, -4.42202, 12.8696, -7.27404, 18.263, -19.572, -22.4081, -2.92696, 6.3969, -6.57957, -1.309, 16.1215, 14.0868, 16.1055, 12.1751, 
0, 13.7958, -48.6205, 17.287, -9.46284, 7.65807, -1.25853, -34.8247, -31.3335, 7.82413, -1.80477, 6.39954, -22.1917, 19.2578, -16.4086, 13.4204, -4.41281, -31.1083, -18.7005, 2.84918, -2.98822, 9.00759, -7.73795, 18.0743, 9.38295, 17.5122, -35.9874, -29.3627, 0.878352, 3.95756, 3.24526, -18.4752, 17.9993, 4.33293, -40.9624, 16.0284, -2.61285, -35.2001, 12.8742, 1.10357, -22.567, -5.99235, 9.87003, -17.5921, -16.6546, 14.845, 8.04935, -28.3294, -16.7296, 9.79495, -8.75054, 12.1619, -11.4544, 19.3329, -25.2501, -29.2876, -7.96318, 2.92425, -11.8297, -5.91728, 14.9201, 13.0994, 16.2537, 12.5372, 
0, -10.8389, -9.01366, 6.72925, 7.5115, 4.13883, 4.39958, -19.8526, -2.28441, 14.2408, 11.6503, 8.53842, -12.8777, 5.18084, 6.22384, 6.38192, 6.90342, -12.6169, 4.69051, 11.4047, 12.6058, 13.2853, -0.562817, 6.13626, -3.93549, -3.60324, -2.03874, -3.83282, 12.9531, 13.8934, 11.0423, -5.64198, 9.58042, -3.3274, -4.87483, 11.1288, -4.61507, -2.63174, 13.6327, 2.6206, 4.34318, 8.22126, 9.24818, 7.17926, -0.302068, 12.0843, 3.90826, 2.10009, 3.1421, 12.6923, 10.3627, 10.7815, -7.79849, 1.73668, 3.04042, -7.27699, 9.76968, 7.96051, 9.42234, 4.7771, 8.64009, 3.30018, 0.796346, -6.43932, 
0, -48.8188, -6.98742, -9.54786, 8.37989, -1.28687, 4.68905, -55.8063, -16.5353, -1.16798, 7.09302, 3.40217, -49.1208, -16.522, 7.38168, -4.46949, 7.48234, -43.1449, -9.84984, -9.1403, 2.91219, 3.01285, -31.6697, -20.7028, -41.3365, -36.1575, -0.301972, -23.5094, -2.16618, 3.91039, 6.19547, -36.4594, -11.8329, -40.439, -8.2743, -4.85882, -41.4372, -11.4569, -2.06552, -28.7758, -4.77146, -12.0343, -17.012, 3.20086, -25.6938, -9.03964, -27.7776, -1.58884, -16.824, -8.1421, 6.09481, 0.219552, -44.3311, -25.3919, 4.48773, -32.3793, -5.06013, -18.0102, 0.0182376, -20.9041, -17.9095, -28.6751, -31.4684, -44.1298, 
0, 12.6302, 15.499, 16.7874, 18.0169, 7.49155, 7.9014, 28.1292, 32.2865, 34.8044, 25.5085, 15.393, 31.6023, 18.5917, 20.2311, 13.0874, 13.907, 32.0121, 35.7596, 38.8228, 33.3185, 26.9944, 37.0626, 26.4017, 26.5372, 16.5131, 18.9721, 34.0908, 37.0185, 31.1043, 21.3986, 35.4852, 26.4931, 30.6471, 22.9906, 24.6888, 32.8612, 28.5864, 30.6945, 36.7442, 32.0595, 39.1412, 36.5172, 28.041, 37.4724, 32.4988, 34.53, 26.4637, 37.5639, 36.6087, 27.7226, 20.9888, 33.1796, 18.5003, 20.5495, 33.9993, 37.3369, 38.7314, 33.6369, 39.0498, 32.4073, 30.4201, 24.4145, 20.5316, 
0, -11.3409, 20.9407, 6.5141, 20.3491, 4.06712, 8.67877, 9.59974, 27.4548, 26.8632, 24.4162, 12.7459, 12.2955, 4.89397, 23.3406, 6.23848, 15.4618, 16.9071, 30.1505, 28.2346, 29.5791, 21.7003, 20.4028, 10.0569, 4.12087, -4.03355, 23.6364, 25.8346, 29.8547, 26.5876, 19.5289, 19.6028, 13.5727, 9.00814, 25.0078, 15.1929, 11.9997, 27.1792, 21.9759, 19.3071, 29.8749, 29.3303, 21.7272, 28.5035, 25.0145, 20.3558, 16.3155, 27.7035, 28.5304, 25.243, 27.4077, 14.9173, 13.0954, 1.37809, 24.4364, 22.3188, 30.9505, 24.7187, 30.6749, 25.8145, 16.8399, 11.4283, 4.64523, -2.66215, 
0, 1.18276, -27.4915, 11.8814, -0.407591, 5.85622, 1.75989, -26.3088, -15.6101, 11.4738, 5.44862, 7.6161, -16.6942, 12.0504, -4.33495, 9.81668, 1.62402, -20.7905, -5.99554, 7.71541, 5.48173, 11.4407, -3.45702, 12.0835, 2.80678, 6.70104, -17.8769, -15.4412, 7.54644, 9.40909, 7.48024, -11.1759, 13.8102, 0.775165, -21.6353, 13.6413, -3.1522, -17.6749, 13.5054, 2.36609, -8.06025, 1.89229, 9.91598, -4.30185, -7.55336, 13.6744, 6.29345, -12.0207, -5.82657, 11.6428, 1.52126, 11.5766, -8.97531, 10.3236, -10.1581, -17.168, 1.72333, 5.98862, -0.341386, 0.16551, 11.9476, 8.32506, 8.46093, 2.94264, 
0, -46.1643, 46.7955, -8.4102, 31.4297, -0.90765, 12.3723, 0.631231, 38.3853, 23.0195, 30.5221, 11.4647, -0.366595, -15.0051, 38.1148, -3.71105, 22.8489, 12.9134, 37.3875, 23.1097, 34.4038, 19.1379, 9.02198, -11.1234, -23.3154, -33.8822, 45.7977, 31.7904, 29.7046, 27.7187, 21.9413, 11.9156, -2.63277, -14.7346, 45.8879, 3.96213, -8.0495, 43.0845, 14.4387, 4.23266, 42.0867, 27.899, 7.93398, 41.9965, 22.302, 7.8438, -2.45242, 44.8901, 30.7926, 16.4246, 37.2072, 8.66128, -3.26017, -23.4957, 42.9041, 23.2998, 34.4939, 14.6191, 39.1931, 19.4084, -0.646849, -11.0332, -21.5098, -33.792, 
0, 8.60032, 43.0342, 15.0604, 29.8177, 6.91587, 11.835, 51.6345, 58.0945, 44.8781, 36.7336, 18.7509, 51.174, 16.289, 35.9655, 11.936, 21.7742, 56.0931, 57.634, 52.2544, 47.9015, 33.7102, 53.2764, 27.4568, 30.3746, 13.059, 42.5737, 59.3232, 51.0258, 41.7537, 28.6901, 55.6327, 28.124, 38.4181, 49.9501, 26.8953, 44.5658, 54.9702, 36.8346, 49.0244, 54.5097, 56.5064, 45.4396, 47.1333, 58.1955, 38.0632, 42.8767, 49.4896, 58.8627, 46.1067, 42.8813, 23.771, 48.8178, 15.6218, 40.2175, 58.656, 55.2778, 51.5873, 52.1534, 55.8393, 37.3961, 34.8332, 24.8939, 20.4353, 
0, 45.9382, -3.28006, 31.0623, 9.96876, 12.2499, 5.21867, 42.6582, 27.7822, 41.0311, 22.2186, 17.4685, 48.814, 37.6249, 9.50018, 22.604, 8.54159, 41.7828, 33.9381, 47.1251, 32.1041, 31.1455, 52.1987, 47.5104, 54.4798, 45.0629, 2.87577, 34.3448, 40.5625, 32.5727, 20.7914, 47.9386, 42.8436, 55.907, 8.9698, 36.281, 55.4384, 19.3239, 39.6039, 54.563, 25.4797, 44.7608, 52.2605, 19.3857, 45.1675, 46.1665, 55.0316, 15.1256, 40.5007, 47.5937, 21.75, 27.8226, 53.0741, 42.2918, 7.13585, 39.0117, 38.1982, 51.7919, 29.7398, 49.4276, 50.8333, 53.6045, 50.2815, 51.1569, 
0, -47.9525, 10.4941, -9.17657, 15.872, -1.16311, 7.18641, -37.4584, 1.31757, 6.69542, 14.7089, 6.02331, -33.2703, -16.0269, 17.3711, -4.22196, 12.4771, -24.9207, 5.50566, 1.34423, 13.1492, 8.25511, -18.4403, -17.5866, -35.4754, -35.4149, 14.6822, -5.53278, 8.19458, 11.65, 11.314, -20.7327, -8.84051, -32.0805, 9.33103, -1.99015, -30.5813, 6.27218, 3.30051, -18.0437, 10.4603, 0.947642, -8.90104, 15.8115, -10.0908, -3.54985, -19.5429, 13.5191, -1.34469, -0.154933, 16.208, 2.96445, -30.9779, -24.773, 16.9746, -14.2789, 7.798, -7.40187, 12.7526, -7.79846, -12.296, -22.9378, -28.2285, -40.7661, 
0, -31.1531, 36.1784, -1.97681, 26.8795, 1.23681, 10.8556, 5.02529, 34.2015, 24.9027, 28.1163, 12.0924, 5.5442, -6.42725, 32.0478, 0.577874, 19.8154, 15.163, 34.7205, 25.6206, 32.6257, 20.3933, 14.3051, -1.91785, -11.3376, -21.0154, 36.6973, 29.7511, 30.071, 27.4574, 21.0522, 15.6819, 4.42833, -4.27355, 37.4152, 8.87877, 0.89478, 36.7562, 17.8386, 11.0325, 37.2751, 28.8932, 14.1061, 36.5572, 23.9238, 13.3882, 5.86413, 37.9341, 30.27, 20.4523, 33.2847, 11.4335, 4.16737, -12.7734, 35.3204, 23.4049, 33.3436, 19.2744, 35.8983, 22.547, 7.04198, -1.19996, -10.1598, -20.2975, 
0, -23.0288, -23.5417, 1.50503, 1.2852, 2.39742, 2.32415, -46.5705, -22.0367, 2.79023, 3.68263, 4.72157, -37.5201, -1.7848, -2.0779, 2.8991, 2.75255, -37.5934, -12.9863, -3.8627, 0.821202, 5.65165, -21.3884, -4.64622, -20.2762, -14.0517, -14.4913, -25.3265, -0.572873, 4.1843, 5.14998, -28.543, 0.53935, -21.7436, -21.1443, 3.82917, -25.1067, -20.6426, 4.25758, -16.1296, -11.5922, -9.12155, -5.68517, -4.93932, -21.4617, 0.96775, -12.7665, -12.0939, -16.2761, -0.499599, 0.319527, 5.22325, -30.3655, -6.97037, -7.33675, -30.5121, -5.83172, -9.04827, -4.43765, -14.3071, -4.21782, -11.2991, -11.7275, -20.7046, 
0, 32.8486, -19.71, 25.4525, 2.92733, 10.3799, 2.87153, 13.1385, 5.74241, 28.3798, 13.3072, 13.2514, 21.6415, 30.1451, 0.111612, 18.8641, 3.8473, 14.1331, 14.2454, 30.2567, 18.9757, 22.7114, 29.2433, 35.8135, 36.6959, 33.8432, -11.2071, 10.4351, 25.5641, 21.7914, 14.2272, 22.6361, 33.0166, 35.7759, -9.33015, 28.324, 32.9602, -0.845993, 29.2998, 33.9548, 7.65698, 25.5453, 35.8693, 5.78004, 21.7349, 33.9924, 36.7705, -0.827178, 18.938, 33.0724, 10.4915, 21.7356, 28.2487, 32.942, -4.59986, 13.232, 20.8526, 33.0536, 14.2642, 28.3422, 36.7893, 37.6905, 36.7147, 35.7201, 
0, -33.263, 17.6722, -2.88107, 18.9483, 0.935394, 8.21185, -15.5908, 14.7911, 16.0672, 19.8837, 9.14724, -12.4281, -7.63293, 21.4729, -0.024963, 14.528, -5.15169, 17.9538, 13.84, 21.4479, 14.503, -0.722141, -6.06868, -18.735, -22.8239, 20.8348, 10.0393, 18.5918, 18.9233, 15.4633, -1.98904, 0.578922, -14.3147, 18.6076, 5.33078, -11.7901, 17.6472, 11.6469, -1.35099, 20.8099, 14.4688, 4.66777, 23.0371, 6.55432, 6.89502, -3.87559, 21.7702, 13.2019, 11.3154, 22.4083, 8.18689, -11.1612, -14.2805, 22.1017, 3.39167, 19.2207, 7.19237, 22.0768, 7.82122, 0.247418, -8.29594, -14.612, -25.0511, 


0, -6.56374, -17.9923, 8.56147, 3.6635, 4.74957, 3.11692, -24.5561, -9.43085, 12.225, 8.41308, 7.86649, -16.2985, 7.62379, 1.09317, 7.6034, 4.33809, -17.9311, -1.17327, 8.71696, 8.69657, 11.9415, -3.31172, 7.90728, -2.22565, 0.0611889, -9.73474, -10.3685, 9.65464, 11.2669, 9.08766, -9.67355, 10.7407, -2.90023, -13.2427, 11.6784, -5.47056, -10.3889, 12.8996, 1.15436, -2.13134, 4.25088, 8.45387, 1.37666, -4.94437, 11.9619, 3.72469, -4.98517, -2.11095, 11.2873, 5.84275, 10.7203, -9.93664, 4.79037, -3.37291, -13.202, 5.18856, 5.88354, 4.23049, 1.41746, 9.12845, 4.39927, 3.17811, -3.44682, 
0, -1.40554, 39.7642, 10.7721, 28.4163, 5.48646, 11.3679, 38.3586, 50.5363, 39.1884, 33.9027, 16.8543, 38.3653, 10.5713, 34.0969, 9.07717, 20.8399, 44.2467, 50.5429, 44.6682, 43.174, 29.9171, 42.3642, 19.8426, 19.4344, 4.4825, 39.7708, 50.3355, 44.869, 37.4935, 26.3264, 44.2533, 21.9392, 27.0107, 45.2506, 22.14, 32.6913, 48.8413, 31.6121, 38.5794, 48.848, 48.4531, 36.8911, 43.3682, 48.2456, 31.4113, 32.8988, 45.2573, 50.3421, 38.9876, 39.5833, 20.445, 36.4762, 8.47479, 37.8817, 48.239, 48.6538, 42.5717, 46.9589, 46.3565, 29.3147, 25.3224, 15.8503, 9.9623, 
0, -49.9257, 8.1842, -10.0222, 14.882, -1.445, 6.85642, -41.7415, -1.83805, 4.85977, 13.437, 5.41142, -37.2235, -17.1545, 16.0512, -4.78575, 11.8171, -28.922, 2.68003, -1.10331, 11.2654, 7.03134, -21.7816, -19.3261, -38.1086, -37.1062, 12.7023, -8.97029, 6.02894, 10.0963, 10.3721, -24.404, -10.2981, -35.0437, 6.7392, -3.16583, -33.8746, 3.39845, 1.79485, -21.0551, 7.91653, -1.82989, -11.3005, 13.8796, -13.4802, -5.3374, -22.2242, 11.2573, -4.45221, -2.27248, 14.6062, 2.07067, -34.6011, -26.1825, 15.3246, -17.9983, 5.30236, -10.1313, 10.5389, -10.8579, -14.3654, -25.2892, -30.2498, -43.0693, 
0, -27.5758, 3.09398, -0.443679, 12.7005, 1.74786, 6.12925, -24.4818, 2.6503, 12.2568, 14.4483, 7.8771, -19.2365, -4.38307, 13.1425, 1.59996, 10.3627, -14.8551, 7.89555, 8.75941, 14.7424, 11.9627, -6.26037, -4.08897, -17.213, -17.9491, 8.33923, -1.28909, 12.6988, 14.3005, 12.1106, -9.60988, 1.74617, -14.8753, 4.84183, 5.68557, -14.4333, 4.69394, 9.91906, -4.80662, 9.93919, 7.30566, 2.48228, 13.4366, -1.87898, 5.97967, -5.24862, 10.0871, 3.95616, 8.31742, 14.8903, 7.72921, -15.887, -10.2182, 11.6887, -7.12424, 11.2451, 2.92427, 13.2887, 1.47052, 0.14453, -7.58636, -11.8199, -21.4465, 
0, -58.6314, -3.48545, -13.7533, 9.88074, -2.68867, 5.18933, -62.1169, -17.2387, -3.87253, 7.19206, 2.50066, -55.9317, -22.1292, 9.38281, -7.27309, 8.48291, -48.0537, -11.0535, -12.7464, 2.10972, 1.20982, -37.5791, -27.2115, -50.1485, -44.5683, 2.69972, -25.6146, -4.37045, 2.60764, 5.79424, -41.8685, -16.9399, -48.7507, -6.17412, -8.56393, -49.2486, -10.7585, -5.27035, -35.1855, -4.57337, -15.14, -22.5201, 4.30047, -29.7011, -13.6463, -34.6875, 0.011053, -19.4295, -12.2484, 6.69414, -2.08376, -51.6423, -32.4009, 6.98914, -35.8863, -6.76412, -23.018, -0.283948, -25.4117, -23.9179, -36.0854, -39.3789, -53.4421, 
0, -31.7682, -18.3449, -2.24044, 3.5124, 1.14894, 3.06655, -50.1131, -20.5853, 1.27196, 4.66133, 4.21549, -41.8051, -6.77875, 0.891698, 0.402124, 4.23735, -39.8875, -12.2774, -5.88705, 1.29382, 4.63947, -25.1674, -10.1463, -27.5308, -21.5426, -10.037, -25.1236, -1.34874, 3.91452, 5.38629, -31.5796, -3.7122, -28.2558, -17.196, 0.826111, -30.8765, -17.9428, 1.99691, -20.6509, -9.63483, -10.4035, -9.70041, -2.47581, -23.2498, -2.5414, -18.0302, -8.88801, -16.8157, -3.26635, 2.04063, 3.46867, -35.3929, -13.2128, -3.62475, -31.5577, -5.86519, -12.3211, -3.22263, -16.8376, -8.97546, -17.3053, -18.4761, -28.7016, 
0, -28.7671, -6.15908, -0.954259, 8.73489, 1.57766, 4.80738, -34.9262, -7.11334, 7.78063, 10.3126, 6.38504, -28.3591, -5.06384, 7.85502, 1.25958, 7.71901, -25.1293, -0.546225, 2.79118, 9.1146, 8.97859, -13.8909, -6.2618, -21.0481, -18.9703, 0.408033, -11.2229, 6.90076, 9.99447, 9.29667, -18.5622, -0.256465, -20.0322, -4.58142, 3.85312, -20.9121, -4.89951, 6.76475, -11.1152, 1.66761, 0.015558, -2.33429, 6.65707, -10.6611, 2.65517, -10.2354, 1.9857, -4.65581, 3.67105, 9.43268, 6.06696, -23.6877, -11.0692, 5.0794, -17.2283, 4.12514, -3.21416, 6.33898, -5.98978, -3.35017, -11.2513, -14.1629, -23.9597, 
0, -5.42579, 25.6222, 9.04916, 22.3554, 4.91214, 9.34756, 20.1964, 34.6714, 31.4046, 27.2676, 14.2597, 22.2233, 8.27405, 26.0158, 7.92852, 16.7994, 26.6588, 36.6983, 34.2898, 33.9443, 24.7279, 28.8169, 14.9507, 11.3736, 1.03657, 27.6491, 33.8962, 35.0649, 30.284, 21.7115, 28.6857, 17.6216, 16.9297, 30.5343, 18.3967, 20.59, 33.5507, 25.8485, 27.0523, 35.5777, 36.0544, 27.9586, 32.6925, 33.2523, 25.0734, 23.392, 32.5613, 35.9232, 30.6295, 30.9279, 17.2761, 22.3545, 5.60319, 27.7803, 31.2254, 36.8295, 31.6189, 35.7088, 33.3835, 22.4026, 17.8359, 10.3841, 3.92178, 
0, 22.0554, -44.7829, 20.8268, -7.81817, 8.83802, -0.710308, -22.7275, -23.9561, 13.0086, 1.01985, 8.12771, -10.6427, 23.9776, -14.2157, 15.7803, -3.31636, -20.191, -11.8713, 9.76186, 1.56457, 12.4639, 2.08284, 24.5223, 18.739, 24.5919, -32.6981, -20.8053, 6.61109, 7.96212, 5.52166, -8.10621, 23.2673, 14.2372, -35.9449, 20.1165, 7.83967, -29.0026, 17.5104, 10.3761, -16.9178, 1.46855, 17.4144, -13.671, -7.46548, 20.6612, 16.7737, -23.8601, -8.7205, 16.1594, -5.3777, 15.07, -0.453635, 25.2326, -22.509, -19.5503, -1.68222, 11.0169, -6.72874, 2.72357, 21.9162, 21.2755, 23.8816, 21.3451, 
0, 20.4015, -57.7342, 20.118, -13.3687, 8.60175, -2.5605, -37.3327, -37.6162, 6.74926, -4.76699, 6.04126, -23.3977, 23.0325, -21.6165, 15.3078, -7.01675, -34.56, -23.6812, 1.41601, -6.30874, 8.29101, -8.58573, 21.4908, 13.3848, 23.1743, -43.7992, -34.7017, -1.49849, 1.93901, 1.58501, -20.625, 20.472, 7.03276, -49.1325, 17.5575, -1.21499, -42.4265, 13.1013, 1.55776, -28.4915, -8.72748, 10.6825, -23.1582, -19.748, 16.0158, 9.80551, -35.1975, -20.7667, 9.66376, -13.0147, 12.7473, -11.3585, 24.0513, -31.76, -33.683, -11.642, 2.43476, -16.4522, -7.70873, 17.0345, 16.1575, 20.6138, 17.841, 
0, 1.76974, -50.0102, 12.133, -10.0584, 5.94007, -1.45706, -48.2404, -37.8772, 2.07454, -4.11835, 4.48301, -35.4088, 12.3858, -17.2027, 9.98439, -4.80986, -42.806, -25.0456, -4.81695, -7.21834, 5.17452, -19.0386, 9.28579, -3.04012, 7.20417, -37.1786, -37.6244, -5.06977, -0.0740334, 1.1302, -29.9744, 10.9287, -8.28868, -44.0701, 10.6759, -15.433, -40.0258, 7.32309, -9.99856, -27.1942, -13.857, 0.684428, -20.3027, -26.4357, 7.57591, -2.85425, -31.2385, -24.7928, 2.32736, -11.2627, 8.52733, -24.473, 10.7428, -26.2428, -39.2673, -14.1098, -6.45988, -16.2584, -15.4999, 5.93298, 2.3943, 5.74711, 0.312684, 
0, -26.6573, 44.0637, -0.0500588, 30.2589, 1.87906, 11.9821, 17.4064, 44.0136, 30.2089, 32.138, 13.8611, 16.7988, -3.85825, 36.5537, 1.86237, 22.0684, 26.9018, 43.4061, 32.6955, 38.4161, 23.9307, 23.7909, 2.41987, -4.58894, -17.1619, 43.4561, 40.2054, 36.5037, 32.1213, 23.9474, 26.2943, 8.12381, 3.60163, 45.9428, 11.932, 9.89644, 45.9261, 22.0183, 19.3919, 45.3185, 37.0946, 20.6968, 42.8319, 33.8939, 18.2101, 13.0971, 45.3352, 39.5979, 26.4007, 38.4328, 13.8444, 14.2955, -9.56219, 40.9528, 34.5015, 40.9028, 26.9916, 42.8152, 31.3906, 12.5062, 4.9065, -5.17981, -14.6752, 
0, -22.8465, -2.82338, 1.58312, 10.1645, 2.42346, 5.28391, -25.6699, -1.24026, 11.7476, 12.5879, 7.70737, -19.5793, -1.68067, 9.76114, 2.95116, 8.67207, -16.7189, 4.85033, 8.08047, 12.7123, 11.6232, -6.43345, -1.5563, -14.1745, -13.8955, 3.26721, -4.50405, 11.3443, 13.1156, 11.0955, -10.6283, 3.60324, -12.6821, -0.399921, 6.86703, -13.0854, 0.127786, 10.2552, -4.13436, 6.21838, 5.78138, 3.32427, 9.88551, -3.573, 6.9914, -3.73103, 5.69067, 1.58654, 8.48381, 12.1846, 8.23507, -15.3845, -6.84021, 7.46205, -9.66359, 9.04517, 2.92093, 10.4132, 0.621839, 1.83186, -5.22343, -8.61159, -17.5626, 
0, 47.4067, -50.1926, 31.6917, -10.1366, 12.4596, -1.48312, -2.78581, -18.5009, 21.5551, 2.32304, 10.9765, 10.0718, 38.4641, -17.307, 23.0235, -4.86198, -3.87095, -5.64327, 21.1571, 5.71657, 18.1615, 19.9485, 41.8576, 42.5448, 46.3216, -37.3349, -11.7285, 14.3847, 12.8869, 7.59765, 8.98666, 36.9809, 37.2701, -37.7329, 30.2086, 30.0998, -27.169, 26.8297, 29.0146, -14.3114, 12.091, 33.2041, -13.9134, 6.00577, 33.6021, 36.185, -24.8753, 1.12912, 28.3275, -4.84733, 21.5404, 21.0337, 43.3407, -26.3731, -6.85185, 5.31859, 26.0337, -3.34955, 16.9676, 38.4787, 41.4596, 44.8385, 45.9236, 
0, 43.479, 49.2482, 30.0083, 32.4809, 11.8985, 12.7227, 92.7271, 79.2565, 62.4892, 44.3794, 24.6212, 91.3789, 36.2196, 39.5163, 21.9013, 23.5497, 92.2031, 77.9083, 75.7359, 61.4176, 45.451, 87.611, 53.2579, 67.0286, 42.9549, 47.9, 85.4678, 69.5247, 54.3822, 35.4482, 90.8549, 48.9423, 75.9598, 61.1467, 42.731, 82.9953, 71.1495, 53.558, 82.4713, 69.8013, 80.8756, 73.016, 56.5546, 88.4351, 59.7693, 75.4358, 59.7985, 84.1196, 68.7005, 51.4149, 34.624, 88.135, 40.5351, 44.656, 89.7833, 74.6644, 80.0515, 66.5573, 85.1912, 64.0848, 66.5046, 55.6776, 56.2017, 
0, 25.163, 26.9272, 22.1586, 22.9147, 9.28196, 9.53399, 52.0901, 49.0858, 45.0733, 32.1967, 18.8159, 53.9307, 25.7533, 26.7615, 16.6682, 17.1722, 54.1827, 50.9263, 52.5148, 43.4296, 33.8404, 55.968, 36.9863, 42.3352, 27.2555, 28.7677, 52.6805, 48.9201, 39.5829, 26.4542, 56.0232, 35.2873, 48.0777, 36.2091, 31.6926, 51.9244, 43.5953, 39.3309, 54.017, 45.4359, 54.4658, 50.367, 37.9944, 56.22, 42.9256, 50.1702, 38.0496, 54.521, 48.6681, 36.0434, 26.2022, 53.8754, 27.4523, 28.7124, 54.3795, 50.8711, 54.2138, 45.3806, 56.1647, 44.6245, 44.4277, 36.7895, 34.697, 


0, -23.5818, -4.78155, 1.26803, 9.32526, 2.31843, 5.00417, -28.3633, -3.51352, 10.5933, 11.6437, 7.3226, -21.993, -2.10079, 8.64218, 2.74111, 8.11259, -19.3072, 2.85681, 6.5414, 11.3833, 10.8537, -8.46232, -2.36119, -15.4692, -14.5257, 1.58878, -6.88234, 9.91022, 12.0664, 10.431, -12.9369, 2.90338, -14.2565, -2.46312, 6.2722, -14.9396, -2.04044, 9.38063, -5.8835, 4.32988, 3.96257, 1.9599, 8.38178, -5.77658, 6.0118, -5.20042, 3.90721, -0.51201, 7.22447, 10.9606, 7.74528, -17.5184, -7.36536, 6.06336, -12.1469, 7.33139, 1.27683, 8.80446, -1.302, 0.747234, -6.41309, -9.52151, -18.5776, 
0, 39.2965, 10.8045, 28.2159, 16.005, 11.301, 7.23075, 50.101, 39.0204, 44.2209, 27.306, 18.5318, 54.2448, 33.8297, 17.5485, 20.7063, 12.5658, 50.1745, 43.1641, 51.3782, 38.2548, 33.2721, 56.5662, 44.7784, 51.8623, 39.37, 14.9482, 44.6342, 45.7644, 36.7113, 23.8668, 54.3182, 41.0604, 55.3015, 22.1055, 35.4466, 56.845, 31.5108, 40.7816, 56.9185, 35.6546, 51.0259, 53.5527, 28.4973, 52.4959, 46.3954, 55.375, 26.2493, 48.7779, 49.8347, 28.8495, 27.9371, 56.4928, 37.5477, 17.1962, 48.3522, 45.4121, 55.0962, 37.9026, 54.7439, 50.1134, 51.9357, 46.6007, 46.5273, 
0, 37.2761, -21.3389, 27.35, 2.22925, 11.0124, 2.63883, 15.9371, 6.01104, 29.5792, 13.2417, 13.6512, 24.6728, 32.6751, -0.819169, 20.1291, 3.38191, 16.2992, 14.7467, 31.8559, 19.3099, 23.511, 31.8748, 38.7433, 40.658, 37.6382, -12.6033, 11.3362, 26.5308, 22.3583, 14.3943, 25.0349, 35.3139, 39.5053, -10.3265, 29.9888, 36.4569, -1.20986, 30.7319, 36.819, 7.52581, 26.9118, 38.3338, 5.24907, 23.5013, 36.057, 39.8674, -1.59084, 20.0719, 34.9044, 10.1932, 22.7679, 31.5127, 36.1045, -5.76334, 14.7656, 21.5866, 35.2853, 14.3657, 30.3412, 39.4864, 41.0201, 40.277, 39.9149, 
0, -55.6436, 33.8628, -12.4728, 25.8871, -2.26184, 10.5248, -21.7808, 21.39, 13.4144, 23.6253, 8.26296, -20.9311, -20.4219, 30.7247, -6.41943, 19.1538, -8.14447, 22.2397, 10.3028, 24.3052, 12.7344, -8.34081, -19.7419, -36.4898, -42.0073, 34.7125, 13.441, 18.2519, 19.4677, 16.892, -7.29477, -9.89706, -29.7565, 31.601, -1.94797, -24.919, 27.4434, 6.68107, -11.2826, 28.2931, 13.2446, -4.37956, 31.4046, 4.44582, -1.26802, -16.1202, 32.4507, 14.2907, 5.46527, 28.4628, 4.10537, -21.9772, -30.2667, 33.6665, 3.59612, 21.1937, 0.457983, 27.247, 3.39978, -11.1129, -22.8534, -31.4825, -45.1188, 
0, -42.6393, -9.8994, -6.89948, 7.1319, -0.404078, 4.27305, -52.5387, -16.7989, 0.232418, 6.72782, 3.86897, -45.4372, -12.9908, 5.7177, -2.70391, 6.65035, -40.7601, -9.69743, -7.27311, 3.0138, 3.94644, -28.453, -16.7048, -35.9889, -30.8607, -2.79795, -22.8902, -1.18178, 4.42799, 6.24627, -33.6587, -8.71776, -35.5074, -10.3035, -2.62643, -36.9216, -12.6033, -0.249132, -25.143, -5.50185, -10.5831, -13.846, 2.00367, -23.7758, -6.34046, -23.7288, -3.20203, -15.7888, -5.85891, 5.31362, 1.56914, -40.2315, -20.9779, 2.40775, -30.8773, -4.49173, -15.2602, -0.296153, -18.5701, -14.3275, -24.2104, -26.5877, -38.3662, 
0, -44.9223, -20.7166, -7.87794, 2.49596, -0.730229, 2.72774, -65.6389, -28.5945, -5.38198, 1.76573, 1.99751, -56.9922, -14.2954, -0.463553, -3.35621, 3.55972, -53.5342, -19.9478, -14.759, -3.81976, 0.203515, -38.1364, -19.8809, -41.3626, -32.8176, -12.0698, -35.012, -8.34149, -0.860249, 2.82949, -44.8874, -11.5677, -42.4264, -21.4468, -5.1502, -45.3859, -24.0728, -4.31821, -33.2812, -15.426, -19.6142, -20.1127, -6.04904, -34.6785, -10.7357, -30.3217, -12.8001, -26.3652, -11.7995, -1.19378, -0.628471, -50.2412, -22.6086, -5.31882, -43.3252, -13.1968, -23.0722, -8.67502, -27.9275, -19.0489, -29.2579, -30.0899, -42.1946, 
0, 27.4233, -12.7331, 23.1274, 5.91746, 9.60487, 3.86824, 14.6902, 10.3943, 29.0448, 15.5223, 13.4731, 22.1965, 27.045, 4.09844, 17.314, 5.84072, 16.4599, 17.9005, 31.1434, 21.4124, 23.1547, 29.5766, 32.9351, 33.2641, 29.193, -5.22683, 14.3119, 27.2258, 23.2314, 15.4456, 23.9661, 30.9132, 33.3408, -3.12823, 26.9956, 31.5218, 4.58089, 28.9681, 33.2914, 12.0872, 27.4287, 34.9843, 9.98855, 23.84, 32.8857, 35.1104, 4.37804, 21.8181, 32.9624, 13.7033, 21.1822, 27.807, 29.0668, 0.383682, 16.3337, 23.511, 33.1653, 17.6977, 29.4505, 34.9076, 35.0337, 33.0612, 31.2916, 
0, 26.6264, -15.312, 22.7858, 4.81223, 9.49103, 3.49983, 11.3145, 7.47386, 27.5981, 14.3033, 12.9909, 19.1891, 26.5896, 2.62481, 17.0863, 5.1039, 13.1979, 15.3485, 29.2144, 19.7111, 22.1902, 27.0515, 31.9974, 31.7303, 28.5099, -7.43729, 11.2776, 25.4106, 21.8985, 14.5949, 21.0726, 30.0894, 31.4387, -5.82093, 26.2857, 29.2512, 1.77434, 27.8897, 31.1347, 9.64901, 25.1312, 33.3099, 8.03266, 21.0603, 31.6935, 33.3221, 2.05374, 19.1523, 31.4018, 12.1158, 20.5861, 25.1681, 28.4976, -1.45837, 13.1857, 21.3275, 31.1224, 15.6279, 27.0393, 33.6015, 33.6138, 32.0097, 30.1263, 
0, -35.3641, -11.2457, -3.78155, 6.55492, 0.635232, 4.08072, -46.6098, -15.0272, 2.77337, 7.19015, 4.71596, -39.316, -8.83357, 4.94839, -0.625285, 6.2657, -35.8705, -7.73346, -3.88518, 4.32311, 5.64041, -23.1787, -11.7006, -29.0984, -24.6249, -3.95191, -20.0793, 1.16684, 5.92963, 6.90093, -28.5768, -4.75285, -28.8092, -10.6104, 0.29917, -30.4157, -11.871, 2.48414, -19.6765, -4.57719, -7.38745, -9.22642, 2.08135, -19.7332, -2.56787, -18.0699, -3.31668, -12.7855, -2.27865, 5.58363, 3.45544, -33.918, -15.7813, 1.44612, -27.027, -2.33543, -10.8329, 0.820833, -14.3352, -9.51564, -18.3592, -20.5441, -31.2834, 
0, -23.3759, 39.9967, 1.35627, 28.516, 2.34784, 11.4011, 16.6209, 41.353, 29.8722, 30.8638, 13.7489, 16.5943, -1.98314, 34.2298, 2.79993, 20.9064, 25.6475, 41.3264, 32.2466, 37.0297, 23.7063, 23.6986, 4.18278, -2.46947, -14.3492, 39.9702, 38.0136, 35.586, 31.3159, 23.2542, 25.621, 9.41793, 5.1401, 42.3446, 12.7573, 10.8539, 42.7967, 22.2627, 19.8806, 42.7701, 36.0647, 21.2977, 40.3957, 32.7519, 18.9233, 14.1667, 42.318, 37.987, 26.5328, 36.5776, 14.201, 14.672, -7.21829, 38.0478, 32.7784, 39.4041, 27.0115, 40.8478, 30.8295, 13.6881, 6.55718, -2.94813, -11.9748, 
0, -26.8794, 20.4345, -0.145246, 20.1322, 1.84733, 8.60647, -6.44487, 20.2893, 19.9869, 21.9795, 10.4538, -3.67684, -3.98516, 23.0514, 1.79892, 15.3172, 3.08228, 23.0573, 19.0662, 24.8503, 17.1161, 6.7226, -1.11435, -11.5622, -17.3522, 23.2026, 16.4494, 22.9061, 21.9311, 17.1645, 5.85032, 4.62131, -6.74725, 22.2819, 8.46122, -3.82803, 22.2334, 15.1719, 5.69913, 25.0015, 20.0897, 10.4113, 25.9222, 13.4817, 11.332, 2.77992, 25.0499, 19.2174, 16.147, 24.8987, 10.4054, -2.80456, -9.72082, 24.0748, 10.7137, 23.9296, 13.3305, 25.8738, 14.354, 5.59636, -2.03505, -8.74577, -18.2729, 
0, -6.54879, -11.9153, 8.56788, 6.26794, 4.75171, 3.98506, -18.4641, -3.34742, 14.8358, 11.0197, 8.73677, -11.0746, 7.63234, 4.56576, 7.60767, 6.07438, -11.8413, 4.04202, 12.1981, 12.1734, 13.682, 1.04183, 8.78611, -0.474405, 0.0740062, -4.52586, -4.28296, 13.1336, 13.8756, 10.8261, -4.45185, 11.6174, -0.28084, -7.16358, 12.5529, -1.98302, -4.30763, 14.6423, 4.63976, 3.08181, 8.60016, 11.069, 5.71953, 0.275188, 13.7067, 6.34195, 0.225851, 3.10648, 13.9003, 9.31747, 11.5927, -5.58096, 4.80105, 0.967825, -7.11425, 9.5357, 9.36681, 8.57549, 5.76887, 10.8754, 6.14839, 4.05907, -2.56372, 
0, 8.08698, -35.5067, 14.8403, -3.84267, 6.84253, 0.614859, -27.4198, -20.6664, 10.9977, 2.99986, 7.45739, -16.6601, 15.9956, -8.91506, 11.7893, -0.666032, -22.8878, -9.90674, 7.08057, 2.87425, 11.1233, -3.26425, 15.87, 7.42095, 12.6189, -24.7471, -19.5111, 5.92528, 7.94664, 6.1765, -12.1281, 16.6105, 4.24431, -28.6642, 15.4552, -0.828083, -23.7174, 14.1743, 3.70388, -12.9578, 0.112429, 11.4125, -9.04067, -9.49193, 15.3296, 8.77627, -17.9046, -8.75146, 12.153, -2.07253, 12.4042, -7.79622, 15.2552, -15.8832, -20.2516, -1.04285, 6.3401, -4.09388, -0.628038, 14.5891, 11.9529, 13.2338, 8.70184, 
0, 41.1986, -32.4958, 29.031, -2.55229, 11.5728, 1.04499, 8.70279, -3.46479, 26.4788, 9.02048, 12.6178, 19.0323, 34.9166, -7.19455, 21.2498, 0.194227, 8.50452, 6.86473, 27.722, 14.0552, 21.444, 27.2678, 39.9513, 41.3928, 41.0003, -22.1663, 2.42073, 21.8365, 18.6975, 11.767, 18.834, 35.9616, 38.6463, -20.9231, 30.076, 34.0041, -11.2461, 29.2253, 33.8058, -0.916544, 21.184, 36.354, -2.15979, 16.74, 35.1108, 38.4481, -10.5936, 12.7502, 32.3643, 4.37821, 22.2948, 27.4661, 38.9063, -13.7326, 6.4105, 15.2985, 31.7118, 7.51722, 25.1738, 39.1006, 41.1946, 42.0453, 42.2436, 
0, -36.3221, 47.4068, -4.19211, 31.6917, 0.498381, 12.4597, 11.0847, 43.2147, 27.4996, 32.1901, 12.958, 9.99958, -9.38097, 38.4641, -0.898984, 23.0236, 21.9608, 42.1296, 29.0831, 37.5651, 22.1246, 17.8948, -4.00594, -13.2985, -25.446, 46.3217, 38.0258, 34.272, 30.7927, 23.5219, 20.8757, 3.07868, -4.63037, 47.9052, 8.26755, 2.14203, 46.5078, 18.8314, 13.0181, 45.4227, 33.9598, 15.2261, 43.8391, 29.8561, 13.6426, 6.24575, 46.82, 36.9407, 22.3107, 38.9625, 11.5607, 7.01868, -16.4656, 43.3408, 30.9412, 39.1487, 21.9985, 42.4418, 26.8752, 6.55796, -2.4224, -12.9863, -23.8624, 
0, 4.03177, -1.43758, 13.1024, 10.7584, 6.26322, 5.48188, 2.5942, 11.6648, 23.8608, 17.0216, 11.7451, 8.48681, 13.6784, 10.553, 10.6307, 9.06801, 7.70548, 17.5574, 24.2314, 21.1837, 19.6987, 17.595, 17.8405, 13.0998, 9.14306, 4.45504, 12.2408, 23.6554, 21.3891, 15.3312, 13.5981, 19.1602, 14.7902, 4.82564, 18.5843, 14.5848, 9.19311, 22.1704, 19.6961, 15.0857, 22.1303, 23.117, 14.7151, 16.8136, 22.7464, 19.9014, 10.7183, 18.1334, 24.4368, 16.8162, 16.1126, 12.4837, 12.3586, 8.45191, 10.921, 21.5543, 22.9116, 19.0826, 20.8105, 21.4266, 18.2111, 14.6249, 9.51366, 


0, -28.3647, 41.8617, -0.781782, 29.3152, 1.63515, 11.6675, 13.497, 41.0799, 28.5334, 30.9504, 13.3027, 13.204, -4.83388, 35.2955, 1.37456, 21.4392, 23.2364, 40.7869, 30.4616, 36.67, 22.8138, 20.7546, 0.885777, -6.92542, -18.6253, 41.5687, 37.0278, 34.5137, 30.6898, 23.0744, 22.9434, 6.83362, 0.950571, 43.4968, 10.8857, 6.93081, 43.2363, 20.6575, 16.6702, 42.9433, 34.5461, 18.5335, 41.0151, 30.787, 16.6054, 10.6899, 43.2039, 36.7348, 24.4813, 36.9306, 13.0421, 11.0153, -10.7817, 39.38, 31.08, 38.5982, 24.5138, 40.7545, 28.5982, 10.6575, 2.81392, -6.95781, -16.6972, 
0, 42.8491, -1.66683, 29.7384, 10.6601, 11.8085, 5.44913, 41.1823, 28.0716, 40.3985, 22.4687, 17.2577, 47.1076, 35.8597, 10.422, 21.7213, 9.00251, 40.7482, 33.9969, 46.2817, 32.1434, 30.7239, 50.7032, 45.5344, 51.8516, 42.415, 4.25854, 34.1929, 40.1604, 32.3815, 20.8111, 46.6736, 41.3088, 53.5092, 10.1417, 35.1875, 53.2711, 20.0545, 38.7409, 52.8371, 25.9799, 44.1478, 50.7454, 20.0967, 44.3438, 44.8622, 53.0752, 16.0671, 40.1182, 46.5198, 22.2306, 27.1705, 51.1372, 40.0852, 8.28816, 38.4184, 38.0265, 50.5073, 30.0095, 48.3734, 49.0877, 51.4175, 47.8642, 48.2982, 
0, 44.1576, -9.08556, 30.2992, 7.48069, 11.9955, 4.38931, 35.0721, 21.2136, 37.7799, 19.4762, 16.3848, 42.0573, 36.6074, 6.18276, 22.0952, 6.88288, 34.4511, 28.1988, 42.7902, 28.278, 28.9781, 46.5257, 45.4092, 51.0405, 43.5366, -2.10037, 27.5219, 36.4819, 29.5759, 18.8784, 41.4363, 40.9967, 51.6383, 2.90993, 34.6885, 50.3404, 13.0097, 37.1821, 49.7194, 19.9948, 39.5965, 48.5006, 14.9846, 38.9195, 43.4903, 51.0173, 9.89511, 34.5071, 44.0881, 18.1782, 26.4845, 47.1467, 41.0199, 2.98907, 31.9344, 33.2883, 47.2027, 25.0843, 44.009, 47.9028, 50.4195, 47.926, 48.5469, 
0, -9.99508, -46.6284, 7.09089, -8.60908, 4.25938, -0.973946, -56.6234, -39.5375, -1.51819, -4.3497, 3.28544, -44.275, 5.66303, -15.2703, 6.62301, -3.84364, -49.5083, -27.189, -9.60725, -8.64727, 2.77937, -26.7072, 1.36546, -13.8387, -2.87996, -34.2799, -40.9653, -8.17938, -1.98607, 0.415741, -37.1599, 4.68908, -18.6042, -42.369, 6.11695, -25.2654, -40.0053, 3.24725, -18.1502, -27.6569, -18.1642, -6.26968, -19.5678, -31.9405, 1.81939, -11.489, -30.0205, -28.6169, -2.94606, -11.0109, 5.64907, -33.8223, 2.33941, -23.8272, -44.289, -16.7363, -12.9309, -17.2042, -21.4878, -1.50423, -6.7236, -3.8539, -10.969, 
0, -21.7164, -52.0816, 2.06747, -10.9462, 2.5849, -1.75298, -73.798, -50.0141, -8.87872, -8.36128, 0.831926, -60.6705, -1.03488, -18.3864, 3.27406, -5.40171, -65.0084, -36.8867, -19.4213, -15.1124, -2.12765, -40.6492, -7.78595, -27.1181, -12.9268, -38.9541, -53.1165, -16.3189, -7.67213, -2.8168, -51.8809, -2.78786, -32.6626, -49.4967, 0.314486, -40.1028, -48.8075, -3.33424, -31.3132, -35.6801, -28.7573, -16.9792, -25.1375, -44.9871, -6.43659, -23.873, -36.3692, -39.989, -11.9811, -15.8015, 1.52108, -49.4388, -6.03297, -27.7224, -58.1146, -25.6549, -24.4194, -24.4483, -33.7554, -11.4347, -18.3285, -14.6798, -23.4694, 
0, 25.5552, 18.5269, 22.3267, 19.3146, 9.33799, 8.33395, 44.0821, 40.8536, 41.6413, 28.6526, 17.6719, 47.1226, 25.9775, 21.9613, 16.7802, 14.7721, 46.1186, 43.8942, 47.9388, 38.7415, 31.5524, 50.304, 36.0664, 40.3274, 27.5917, 21.5674, 44.5044, 44.288, 36.0948, 24.1101, 49.1591, 34.3114, 44.8698, 27.8649, 30.6607, 47.5165, 35.3071, 37.0989, 49.553, 38.3477, 48.6897, 47.0471, 32.0502, 49.2999, 40.7496, 46.9063, 30.9054, 47.5449, 45.2921, 31.2993, 25.1142, 48.2674, 27.7325, 22.7122, 46.2593, 45.039, 49.6938, 39.4925, 50.4447, 42.5046, 42.3639, 35.9257, 33.8892, 
0, 36.0625, -14.5044, 26.8298, 5.15834, 10.839, 3.6152, 21.5581, 12.3255, 31.9882, 15.9974, 14.4542, 29.3174, 31.9816, 3.08629, 19.7823, 5.33464, 22.0936, 20.0848, 35.0679, 22.8686, 25.117, 35.7164, 38.8529, 41.3971, 36.5979, -6.74507, 17.4772, 29.9161, 24.9407, 16.1737, 29.8529, 35.5968, 41.2208, -3.66535, 30.445, 39.1488, 5.27794, 32.1645, 39.6842, 13.0372, 31.1001, 40.396, 9.95751, 28.4926, 37.3163, 41.7563, 4.09396, 25.2366, 37.14, 13.9253, 23.3975, 35.181, 35.2377, -0.88152, 20.7333, 25.9483, 38.3239, 18.9008, 34.3561, 40.5723, 41.9326, 40.2131, 39.6777, 
0, 25.6662, -33.657, 22.3743, -3.04991, 9.35385, 0.879111, -7.99073, -11.2826, 19.3244, 6.30394, 10.233, 2.50466, 26.0409, -7.85805, 16.812, -0.137524, -5.97008, -0.787259, 18.1829, 8.95391, 16.6744, 13.1249, 28.6909, 25.5287, 27.6869, -23.1616, -7.61604, 14.5163, 13.762, 9.21633, 4.5253, 26.92, 22.6163, -24.3031, 23.2534, 17.8082, -16.845, 22.2368, 19.8288, -6.34961, 11.479, 24.7619, -5.20808, 4.6502, 25.9034, 24.637, -13.8077, 2.87934, 22.991, 1.49581, 17.6911, 11.1043, 27.8118, -14.5619, -5.84519, 7.81238, 19.9537, 2.25002, 13.2498, 27.6742, 27.5493, 28.566, 26.5453, 
0, -26.997, -2.64886, -0.195626, 10.2393, 1.83054, 5.30884, -29.6458, -2.84448, 10.0436, 12.0698, 7.13938, -23.5802, -4.05233, 9.86087, 1.76533, 8.72193, -20.1019, 3.22118, 5.80853, 11.6262, 10.4873, -9.86629, -4.49595, -18.275, -17.453, 3.4168, -6.70119, 9.66524, 12.0046, 10.5525, -14.0362, 1.25651, -16.7577, -0.818315, 5.11322, -17.1361, -0.883524, 8.52631, -7.59213, 5.18213, 3.53438, 0.434482, 9.41725, -6.38799, 4.6696, -7.21372, 5.24734, -0.635532, 6.18694, 11.6914, 7.07417, -19.4102, -9.80479, 7.58671, -12.4536, 7.39108, 0.0560741, 9.35204, -2.21808, -1.08286, -8.73106, -12.1442, -21.6881, 
0, -46.8744, -41.7968, -8.71452, -6.53841, -1.00909, -0.28372, -88.6712, -50.5113, -15.2529, -7.5475, -1.29281, -77.0129, -15.4109, -12.5094, -3.91393, -2.46319, -76.2876, -38.8531, -27.9202, -16.4233, -6.37712, -54.8669, -24.2867, -49.3376, -34.4908, -30.1386, -57.2076, -21.2239, -10.4523, -3.47228, -64.6293, -15.6946, -53.4128, -42.8059, -8.99824, -59.3838, -45.7107, -11.1777, -47.0002, -34.0525, -35.787, -30.5414, -21.3852, -54.1415, -17.874, -41.0292, -31.1477, -45.5494, -21.9493, -13.5185, -4.19765, -67.2505, -24.0029, -20.3761, -65.7997, -29.0906, -36.5123, -24.29, -44.379, -26.4661, -36.954, -34.7745, -47.1581, 
0, 24.3238, 26.8284, 21.799, 22.8724, 9.16208, 9.51987, 51.1522, 48.6273, 44.6714, 32.0344, 18.682, 53.0068, 25.2738, 26.705, 16.4284, 17.144, 53.3646, 50.482, 51.9788, 43.1334, 33.5724, 55.1781, 36.3728, 41.4678, 26.5362, 28.683, 52.1022, 48.504, 39.3008, 26.3061, 55.2192, 34.7937, 47.1962, 35.9904, 31.3189, 51.0288, 43.2568, 38.943, 53.2412, 45.1114, 53.9157, 49.7253, 37.8039, 55.5359, 42.4178, 49.4086, 37.8451, 53.9568, 48.1462, 35.8671, 25.9483, 52.9657, 26.8529, 28.6419, 53.6813, 50.4409, 53.5579, 45.0703, 55.4948, 43.9969, 43.6802, 36.0561, 33.8437, 
0, 48.929, -17.8399, 32.3441, 3.72881, 12.6771, 3.13869, 31.089, 14.5041, 36.0729, 16.4059, 15.8158, 39.3248, 39.3339, 1.18025, 23.4585, 4.38163, 29.7864, 22.7399, 40.5142, 24.6387, 27.8401, 44.3623, 47.5667, 53.3106, 47.6264, -9.60413, 21.494, 33.5243, 27.1873, 17.0587, 38.0222, 42.4726, 52.6578, -5.16284, 35.4827, 50.1092, 5.61852, 36.7257, 48.8066, 13.8543, 36.0698, 48.1568, 9.41304, 34.8239, 43.7155, 51.3552, 3.07297, 29.7298, 43.0627, 13.8574, 26.5971, 45.6649, 44.428, -3.26406, 26.5881, 29.08, 45.6083, 20.1944, 41.164, 48.8096, 52.008, 50.7651, 52.0677, 
0, -9.05191, 35.1238, 7.49511, 26.4276, 4.39412, 10.7049, 26.0719, 42.619, 33.9227, 30.8217, 15.0991, 26.7415, 6.20198, 31.4453, 6.89249, 19.5141, 33.0523, 43.2885, 37.6472, 38.3378, 26.4066, 32.4957, 13.718, 10.4622, -2.07153, 35.7934, 41.3258, 38.9404, 33.3201, 23.9083, 33.7219, 16.9069, 17.3757, 39.518, 18.2, 22.3934, 42.0163, 27.0092, 29.3737, 42.6859, 40.7692, 29.4407, 38.9613, 38.8065, 25.7161, 24.356, 40.1875, 41.9954, 32.6296, 35.8394, 17.5974, 25.5153, 3.0131, 34.5672, 38.1369, 42.0623, 34.4584, 41.4597, 37.5803, 22.5272, 17.4426, 8.63341, 1.65303, 
0, -36.7652, 48.7818, -4.38201, 32.281, 0.435082, 12.6561, 12.0166, 44.3998, 27.899, 32.7161, 13.0912, 10.735, -9.63417, 39.2498, -1.02558, 23.4164, 22.956, 43.1182, 29.6156, 38.2242, 22.3908, 18.4971, -4.12601, -13.3488, -25.8258, 47.5002, 39.1476, 34.8678, 31.2554, 23.8515, 21.6745, 3.02191, -4.48419, 49.2169, 8.27408, 2.48464, 47.7562, 19.0344, 13.4241, 46.4746, 34.6887, 15.4989, 44.758, 30.7181, 13.7822, 6.45523, 47.9353, 37.866, 22.6468, 39.6849, 11.6305, 7.55771, -16.7821, 44.3229, 31.9997, 39.9409, 22.4677, 43.2973, 27.5408, 6.63432, -2.40935, -13.1697, -24.1091, 
0, 9.97677, -15.1204, 15.6503, 4.89433, 7.1125, 3.52719, -5.14363, 0.52986, 20.5446, 12.0068, 10.6397, 2.70368, 17.0755, 2.73427, 12.3293, 5.15864, -0.881631, 8.37717, 19.8098, 15.0635, 17.4879, 12.9172, 20.1322, 15.1354, 14.2388, -7.27309, 1.95511, 18.3845, 17.2236, 12.2711, 6.96568, 20.6027, 14.8711, -8.00789, 19.1775, 12.711, -2.79114, 20.8089, 16.973, 5.05617, 15.754, 21.4993, 5.79097, 9.33193, 22.2341, 19.1331, -0.160584, 9.80242, 21.9698, 9.84677, 15.8564, 8.65524, 16.605, -1.32153, 1.48462, 14.3287, 19.3393, 11.0077, 15.2835, 21.7636, 19.3974, 17.766, 13.504, 
0, 41.5567, 45.8197, 29.1845, 31.0115, 11.6239, 12.2329, 87.3764, 75.0042, 60.196, 42.6354, 23.8568, 86.518, 35.1212, 37.5572, 21.3521, 22.5701, 87.127, 74.1458, 72.6784, 58.9093, 43.9222, 83.5144, 51.395, 64.1268, 41.3073, 44.9613, 80.9409, 66.7417, 52.3636, 34.194, 86.2686, 47.3541, 72.5682, 57.4436, 41.4174, 79.1139, 67.1718, 51.7546, 78.8645, 66.3134, 77.3283, 70.1736, 53.831, 84.1234, 57.6913, 72.3188, 56.5852, 80.0825, 66.1327, 49.1811, 33.585, 83.7638, 39.1621, 42.2071, 84.9818, 71.3916, 76.7193, 63.5592, 81.3692, 61.7322, 63.8774, 53.5402, 53.7896, 


