63 24
17 28
1 2 3 5 6 7 9 10 11 14 17 18 20 21 23 24 0 
1 4 5 8 9 12 14 15 17 19 20 22 23 0 0 0 0 
2 5 6 9 10 13 15 16 18 20 21 23 24 0 0 0 0 
1 2 5 9 16 18 19 20 22 23 0 0 0 0 0 0 0 
2 3 6 10 17 19 20 21 23 24 0 0 0 0 0 0 0 
1 2 4 5 6 9 10 14 17 22 23 0 0 0 0 0 0 
2 3 5 6 7 10 11 15 18 23 24 0 0 0 0 0 0 
1 2 4 5 8 9 10 12 14 16 17 18 19 20 21 23 0 
2 3 5 6 9 10 11 13 15 17 18 19 20 21 22 24 0 
1 2 4 5 9 12 16 17 19 22 24 0 0 0 0 0 0 
1 7 9 11 13 14 21 24 0 0 0 0 0 0 0 0 0 
1 3 5 6 7 8 9 11 12 15 17 18 20 21 22 23 24 
1 3 4 5 8 11 12 13 14 16 17 19 20 22 0 0 0 
2 4 5 6 9 12 13 14 15 17 18 20 21 23 0 0 0 
3 5 6 7 10 13 14 15 16 18 19 21 22 24 0 0 0 
1 2 3 4 5 8 9 10 15 16 18 19 21 22 24 0 0 
1 4 7 14 16 18 19 21 22 24 0 0 0 0 0 0 0 
1 3 6 7 8 9 10 11 14 15 18 19 21 22 24 0 0 
1 3 4 5 6 8 12 14 15 16 17 18 19 21 22 24 0 
1 3 4 10 11 13 14 15 16 19 21 22 24 0 0 0 0 
1 3 4 6 7 9 10 12 15 16 18 21 22 24 0 0 0 
1 3 4 6 8 9 13 14 16 18 19 20 21 22 24 0 0 
1 3 4 6 11 15 18 19 22 24 0 0 0 0 0 0 0 
1 3 4 6 9 10 11 12 14 16 17 18 19 21 24 0 0 
1 3 4 6 9 12 13 14 15 19 21 22 23 24 0 0 0 
1 3 4 6 9 11 13 15 16 17 18 21 22 0 0 0 0 
2 4 5 7 10 12 14 16 17 18 19 22 23 0 0 0 0 
3 5 6 8 11 13 15 17 18 19 20 23 24 0 0 0 0 
1 2 3 4 5 10 11 12 16 17 19 23 0 0 0 0 0 
2 3 4 5 6 11 12 13 17 18 20 24 0 0 0 0 0 
1 2 4 9 10 11 12 13 17 19 20 23 24 0 0 0 0 
1 6 7 9 12 13 17 23 0 0 0 0 0 0 0 0 0 
2 7 8 10 13 14 18 24 0 0 0 0 0 0 0 0 0 
1 2 5 6 7 8 10 15 17 18 19 20 21 23 24 0 0 
1 5 8 10 14 16 17 19 22 23 0 0 0 0 0 0 0 
2 6 9 11 15 17 18 20 23 24 0 0 0 0 0 0 0 
1 2 5 6 9 11 12 14 16 17 19 20 23 0 0 0 0 
2 3 6 7 10 12 13 15 17 18 20 21 24 0 0 0 0 
1 2 4 5 6 8 9 10 13 16 17 19 20 22 23 24 0 
1 0 0 0 0 0 0 0 0 0 0 0 0 0 0 0 0 
2 0 0 0 0 0 0 0 0 0 0 0 0 0 0 0 0 
3 0 0 0 0 0 0 0 0 0 0 0 0 0 0 0 0 
4 0 0 0 0 0 0 0 0 0 0 0 0 0 0 0 0 
5 0 0 0 0 0 0 0 0 0 0 0 0 0 0 0 0 
6 0 0 0 0 0 0 0 0 0 0 0 0 0 0 0 0 
7 0 0 0 0 0 0 0 0 0 0 0 0 0 0 0 0 
8 0 0 0 0 0 0 0 0 0 0 0 0 0 0 0 0 
9 0 0 0 0 0 0 0 0 0 0 0 0 0 0 0 0 
10 0 0 0 0 0 0 0 0 0 0 0 0 0 0 0 0 
11 0 0 0 0 0 0 0 0 0 0 0 0 0 0 0 0 
12 0 0 0 0 0 0 0 0 0 0 0 0 0 0 0 0 
13 0 0 0 0 0 0 0 0 0 0 0 0 0 0 0 0 
14 0 0 0 0 0 0 0 0 0 0 0 0 0 0 0 0 
15 0 0 0 0 0 0 0 0 0 0 0 0 0 0 0 0 
16 0 0 0 0 0 0 0 0 0 0 0 0 0 0 0 0 
17 0 0 0 0 0 0 0 0 0 0 0 0 0 0 0 0 
18 0 0 0 0 0 0 0 0 0 0 0 0 0 0 0 0 
19 0 0 0 0 0 0 0 0 0 0 0 0 0 0 0 0 
20 0 0 0 0 0 0 0 0 0 0 0 0 0 0 0 0 
21 0 0 0 0 0 0 0 0 0 0 0 0 0 0 0 0 
22 0 0 0 0 0 0 0 0 0 0 0 0 0 0 0 0 
23 0 0 0 0 0 0 0 0 0 0 0 0 0 0 0 0 
24 0 0 0 0 0 0 0 0 0 0 0 0 0 0 0 0 
