160 80
7 6
2 37 47 51 54 72 76 
4 10 45 55 59 62 80 
8 12 18 53 63 67 70 
16 20 26 61 71 75 78 
3 6 24 28 34 69 79 
7 11 14 32 36 42 77 
5 15 19 22 40 44 50 
13 23 27 30 48 52 58 
21 31 35 38 56 60 66 
29 39 43 46 64 68 74 
7 21 52 65 0 0 0 
15 29 60 73 0 0 0 
1 23 37 68 0 0 0 
9 31 45 76 0 0 0 
4 17 39 53 0 0 0 
12 25 47 61 0 0 0 
20 33 55 69 0 0 0 
28 41 63 77 0 0 0 
5 36 49 71 0 0 0 
13 44 57 79 0 0 0 
2 35 64 70 0 0 0 
10 43 72 78 0 0 0 
6 18 51 80 0 0 0 
8 14 26 59 0 0 0 
16 22 34 67 0 0 0 
24 30 42 75 0 0 0 
3 32 38 50 0 0 0 
11 40 46 58 0 0 0 
19 48 54 66 0 0 0 
27 56 62 74 0 0 0 
1 5 9 56 0 0 0 
9 13 17 64 0 0 0 
17 21 25 72 0 0 0 
25 29 33 80 0 0 0 
8 33 37 41 0 0 0 
16 41 45 49 0 0 0 
24 49 53 57 0 0 0 
32 57 61 65 0 0 0 
40 65 69 73 0 0 0 
1 48 73 77 0 0 0 
2 11 44 62 0 0 0 
10 19 52 70 0 0 0 
18 27 60 78 0 0 0 
6 26 35 68 0 0 0 
14 34 43 76 0 0 0 
4 22 42 51 0 0 0 
12 30 50 59 0 0 0 
20 38 58 67 0 0 0 
28 46 66 75 0 0 0 
3 36 54 74 0 0 0 
2 15 39 0 0 0 0 
10 23 47 0 0 0 0 
18 31 55 0 0 0 0 
26 39 63 0 0 0 0 
34 47 71 0 0 0 0 
42 55 79 0 0 0 0 
7 50 63 0 0 0 0 
15 58 71 0 0 0 0 
23 66 79 0 0 0 0 
7 31 74 0 0 0 0 
3 46 60 0 0 0 0 
11 54 68 0 0 0 0 
19 62 76 0 0 0 0 
4 27 70 0 0 0 0 
12 35 78 0 0 0 0 
6 20 43 0 0 0 0 
14 28 51 0 0 0 0 
22 36 59 0 0 0 0 
30 44 67 0 0 0 0 
38 52 75 0 0 0 0 
1 21 32 0 0 0 0 
9 29 40 0 0 0 0 
17 37 48 0 0 0 0 
25 45 56 0 0 0 0 
33 53 64 0 0 0 0 
41 61 72 0 0 0 0 
49 69 80 0 0 0 0 
8 57 77 0 0 0 0 
5 16 65 0 0 0 0 
13 24 73 0 0 0 0 
1 2 0 0 0 0 0 
2 3 0 0 0 0 0 
3 4 0 0 0 0 0 
4 5 0 0 0 0 0 
5 6 0 0 0 0 0 
6 7 0 0 0 0 0 
7 8 0 0 0 0 0 
8 9 0 0 0 0 0 
9 10 0 0 0 0 0 
10 11 0 0 0 0 0 
11 12 0 0 0 0 0 
12 13 0 0 0 0 0 
13 14 0 0 0 0 0 
14 15 0 0 0 0 0 
15 16 0 0 0 0 0 
16 17 0 0 0 0 0 
17 18 0 0 0 0 0 
18 19 0 0 0 0 0 
19 20 0 0 0 0 0 
20 21 0 0 0 0 0 
21 22 0 0 0 0 0 
22 23 0 0 0 0 0 
23 24 0 0 0 0 0 
24 25 0 0 0 0 0 
25 26 0 0 0 0 0 
26 27 0 0 0 0 0 
27 28 0 0 0 0 0 
28 29 0 0 0 0 0 
29 30 0 0 0 0 0 
30 31 0 0 0 0 0 
31 32 0 0 0 0 0 
32 33 0 0 0 0 0 
33 34 0 0 0 0 0 
34 35 0 0 0 0 0 
35 36 0 0 0 0 0 
36 37 0 0 0 0 0 
37 38 0 0 0 0 0 
38 39 0 0 0 0 0 
39 40 0 0 0 0 0 
40 41 0 0 0 0 0 
41 42 0 0 0 0 0 
42 43 0 0 0 0 0 
43 44 0 0 0 0 0 
44 45 0 0 0 0 0 
45 46 0 0 0 0 0 
46 47 0 0 0 0 0 
47 48 0 0 0 0 0 
48 49 0 0 0 0 0 
49 50 0 0 0 0 0 
50 51 0 0 0 0 0 
51 52 0 0 0 0 0 
52 53 0 0 0 0 0 
53 54 0 0 0 0 0 
54 55 0 0 0 0 0 
55 56 0 0 0 0 0 
56 57 0 0 0 0 0 
57 58 0 0 0 0 0 
58 59 0 0 0 0 0 
59 60 0 0 0 0 0 
60 61 0 0 0 0 0 
61 62 0 0 0 0 0 
62 63 0 0 0 0 0 
63 64 0 0 0 0 0 
64 65 0 0 0 0 0 
65 66 0 0 0 0 0 
66 67 0 0 0 0 0 
67 68 0 0 0 0 0 
68 69 0 0 0 0 0 
69 70 0 0 0 0 0 
70 71 0 0 0 0 0 
71 72 0 0 0 0 0 
72 73 0 0 0 0 0 
73 74 0 0 0 0 0 
74 75 0 0 0 0 0 
75 76 0 0 0 0 0 
76 77 0 0 0 0 0 
77 78 0 0 0 0 0 
78 79 0 0 0 0 0 
79 80 0 0 0 0 0 
80 0 0 0 0 0 0 
