640 136
43 235
2 3 6 13 23 26 29 34 41 44 48 49 52 56 59 62 71 73 76 81 86 90 93 94 95 100 107 121 130 0 0 0 0 0 0 0 0 0 0 0 0 0 0 
2 12 13 14 16 28 33 40 41 49 59 70 74 81 96 97 104 117 119 122 123 136 0 0 0 0 0 0 0 0 0 0 0 0 0 0 0 0 0 0 0 0 0 
3 6 13 19 23 33 38 49 52 59 68 71 74 95 104 105 121 126 128 0 0 0 0 0 0 0 0 0 0 0 0 0 0 0 0 0 0 0 0 0 0 0 0 
3 16 24 29 33 61 75 78 82 86 97 98 102 105 112 114 118 126 0 0 0 0 0 0 0 0 0 0 0 0 0 0 0 0 0 0 0 0 0 0 0 0 0 
6 13 16 18 28 29 33 35 36 40 42 45 49 56 59 104 107 108 110 118 119 120 122 0 0 0 0 0 0 0 0 0 0 0 0 0 0 0 0 0 0 0 0 
22 23 28 29 35 38 41 58 62 71 72 80 86 95 97 106 107 119 120 121 126 0 0 0 0 0 0 0 0 0 0 0 0 0 0 0 0 0 0 0 0 0 0 
4 8 12 14 23 24 38 58 66 70 71 72 73 74 80 81 95 97 106 108 117 118 119 121 122 123 132 0 0 0 0 0 0 0 0 0 0 0 0 0 0 0 0 
3 12 13 16 23 26 28 29 35 49 59 70 71 72 95 104 106 121 126 136 0 0 0 0 0 0 0 0 0 0 0 0 0 0 0 0 0 0 0 0 0 0 0 
2 13 16 18 23 28 40 49 59 60 61 73 86 90 95 97 104 112 113 121 122 123 0 0 0 0 0 0 0 0 0 0 0 0 0 0 0 0 0 0 0 0 0 
8 12 13 14 35 42 44 49 50 56 59 61 71 73 78 82 98 102 106 108 112 113 117 119 126 136 0 0 0 0 0 0 0 0 0 0 0 0 0 0 0 0 0 
3 8 12 17 29 32 35 38 61 73 74 80 86 97 105 107 117 0 0 0 0 0 0 0 0 0 0 0 0 0 0 0 0 0 0 0 0 0 0 0 0 0 0 
12 13 26 28 29 30 38 41 42 49 58 59 68 70 72 73 88 104 105 112 113 117 119 128 0 0 0 0 0 0 0 0 0 0 0 0 0 0 0 0 0 0 0 
10 26 28 29 30 40 42 48 56 62 70 71 73 74 75 81 84 86 106 112 114 128 0 0 0 0 0 0 0 0 0 0 0 0 0 0 0 0 0 0 0 0 0 
3 8 12 26 60 70 71 81 90 104 105 106 107 113 117 126 0 0 0 0 0 0 0 0 0 0 0 0 0 0 0 0 0 0 0 0 0 0 0 0 0 0 0 
3 13 29 34 35 44 46 49 54 59 71 74 77 81 107 112 119 126 134 0 0 0 0 0 0 0 0 0 0 0 0 0 0 0 0 0 0 0 0 0 0 0 0 
2 4 13 14 24 26 40 42 49 59 75 76 78 80 81 92 98 105 106 107 119 136 0 0 0 0 0 0 0 0 0 0 0 0 0 0 0 0 0 0 0 0 0 
2 3 4 13 14 18 26 38 41 45 49 50 59 61 70 71 72 75 78 80 82 97 98 108 117 118 119 122 123 124 136 0 0 0 0 0 0 0 0 0 0 0 0 
12 22 29 40 41 52 54 66 80 86 107 117 123 126 130 134 0 0 0 0 0 0 0 0 0 0 0 0 0 0 0 0 0 0 0 0 0 0 0 0 0 0 0 
4 13 14 16 26 28 29 34 38 44 49 58 59 61 70 72 75 76 81 113 117 119 126 132 136 0 0 0 0 0 0 0 0 0 0 0 0 0 0 0 0 0 0 
12 22 28 29 32 35 38 40 41 45 71 72 73 81 86 105 122 0 0 0 0 0 0 0 0 0 0 0 0 0 0 0 0 0 0 0 0 0 0 0 0 0 0 
8 9 12 29 32 38 41 42 71 72 80 97 105 117 0 0 0 0 0 0 0 0 0 0 0 0 0 0 0 0 0 0 0 0 0 0 0 0 0 0 0 0 0 
2 4 9 12 13 16 34 40 45 46 49 59 61 71 74 104 105 118 119 0 0 0 0 0 0 0 0 0 0 0 0 0 0 0 0 0 0 0 0 0 0 0 0 
12 13 22 26 28 35 41 49 59 80 84 94 105 107 119 123 126 130 0 0 0 0 0 0 0 0 0 0 0 0 0 0 0 0 0 0 0 0 0 0 0 0 0 
3 12 13 38 40 44 48 49 52 56 59 61 64 71 74 77 80 82 86 96 104 106 114 117 119 120 134 0 0 0 0 0 0 0 0 0 0 0 0 0 0 0 0 
9 16 22 38 44 45 46 49 50 58 59 66 70 72 77 80 86 99 106 113 117 119 120 124 134 0 0 0 0 0 0 0 0 0 0 0 0 0 0 0 0 0 0 
9 13 16 17 22 26 40 41 60 72 73 81 86 99 107 117 123 0 0 0 0 0 0 0 0 0 0 0 0 0 0 0 0 0 0 0 0 0 0 0 0 0 0 
9 12 28 34 35 38 40 46 56 58 61 71 74 78 80 81 97 98 104 105 107 110 113 114 118 123 0 0 0 0 0 0 0 0 0 0 0 0 0 0 0 0 0 
4 8 16 22 28 34 35 40 41 46 54 61 71 75 76 80 81 102 104 107 117 122 123 0 0 0 0 0 0 0 0 0 0 0 0 0 0 0 0 0 0 0 0 
3 4 8 9 13 14 16 34 35 40 71 75 76 78 81 91 92 99 105 106 107 118 123 132 0 0 0 0 0 0 0 0 0 0 0 0 0 0 0 0 0 0 0 
13 20 26 34 35 38 40 46 64 74 77 86 91 97 99 112 123 126 134 0 0 0 0 0 0 0 0 0 0 0 0 0 0 0 0 0 0 0 0 0 0 0 0 
13 26 35 38 42 45 70 71 72 74 80 86 96 99 104 117 136 0 0 0 0 0 0 0 0 0 0 0 0 0 0 0 0 0 0 0 0 0 0 0 0 0 0 
9 12 16 32 38 39 42 45 58 80 86 104 106 113 117 0 0 0 0 0 0 0 0 0 0 0 0 0 0 0 0 0 0 0 0 0 0 0 0 0 0 0 0 
9 13 16 22 32 35 38 41 42 58 74 75 91 99 105 117 0 0 0 0 0 0 0 0 0 0 0 0 0 0 0 0 0 0 0 0 0 0 0 0 0 0 0 
9 14 16 18 22 28 34 42 54 71 80 86 91 97 102 105 106 110 112 122 126 132 0 0 0 0 0 0 0 0 0 0 0 0 0 0 0 0 0 0 0 0 0 
10 26 28 30 38 41 45 56 58 71 75 80 81 84 91 114 117 123 126 0 0 0 0 0 0 0 0 0 0 0 0 0 0 0 0 0 0 0 0 0 0 0 0 
9 10 13 16 28 36 41 42 50 58 61 71 86 97 99 120 124 126 130 0 0 0 0 0 0 0 0 0 0 0 0 0 0 0 0 0 0 0 0 0 0 0 0 
10 13 14 19 20 24 34 36 40 42 54 61 64 71 75 76 83 88 91 93 97 102 104 105 108 113 123 124 126 127 0 0 0 0 0 0 0 0 0 0 0 0 0 
3 8 13 16 19 41 44 58 62 72 75 76 80 83 84 93 94 97 102 105 113 117 127 0 0 0 0 0 0 0 0 0 0 0 0 0 0 0 0 0 0 0 0 
2 3 4 8 9 12 14 18 24 35 40 56 58 61 70 80 92 98 104 105 110 117 122 123 136 0 0 0 0 0 0 0 0 0 0 0 0 0 0 0 0 0 0 
3 9 12 13 22 44 61 70 73 91 99 112 117 122 136 0 0 0 0 0 0 0 0 0 0 0 0 0 0 0 0 0 0 0 0 0 0 0 0 0 0 0 0 
2 3 9 12 14 22 34 35 44 54 58 72 75 80 87 91 93 96 99 105 112 123 126 127 0 0 0 0 0 0 0 0 0 0 0 0 0 0 0 0 0 0 0 
3 6 18 40 50 56 58 74 86 87 91 93 99 108 110 117 118 120 122 127 0 0 0 0 0 0 0 0 0 0 0 0 0 0 0 0 0 0 0 0 0 0 0 
2 3 8 9 13 22 26 32 38 72 74 81 83 90 93 97 113 122 123 126 127 0 0 0 0 0 0 0 0 0 0 0 0 0 0 0 0 0 0 0 0 0 0 
13 26 30 42 62 74 84 86 91 97 99 104 120 124 126 130 0 0 0 0 0 0 0 0 0 0 0 0 0 0 0 0 0 0 0 0 0 0 0 0 0 0 0 
3 12 13 35 42 48 58 61 70 72 74 81 84 87 93 94 100 106 113 117 120 127 130 0 0 0 0 0 0 0 0 0 0 0 0 0 0 0 0 0 0 0 0 
8 9 12 16 18 35 38 40 44 45 58 60 74 75 83 87 90 104 113 117 123 136 0 0 0 0 0 0 0 0 0 0 0 0 0 0 0 0 0 0 0 0 0 
3 8 9 10 12 13 16 19 38 40 41 42 44 54 61 68 72 76 83 87 91 97 99 106 113 117 123 124 0 0 0 0 0 0 0 0 0 0 0 0 0 0 0 
8 9 14 38 44 45 50 56 58 74 78 80 81 83 86 91 92 93 99 102 104 106 108 113 123 124 127 0 0 0 0 0 0 0 0 0 0 0 0 0 0 0 0 
16 35 45 54 70 72 74 75 82 87 88 91 92 93 97 98 99 102 113 114 117 123 127 136 0 0 0 0 0 0 0 0 0 0 0 0 0 0 0 0 0 0 0 
8 9 13 38 40 41 48 56 61 81 83 93 105 106 112 114 127 128 0 0 0 0 0 0 0 0 0 0 0 0 0 0 0 0 0 0 0 0 0 0 0 0 0 
4 8 13 22 34 35 40 45 46 54 58 61 66 70 72 76 86 91 92 97 99 106 122 0 0 0 0 0 0 0 0 0 0 0 0 0 0 0 0 0 0 0 0 
3 8 12 13 28 38 42 60 61 72 74 75 80 87 93 106 113 117 122 126 127 136 0 0 0 0 0 0 0 0 0 0 0 0 0 0 0 0 0 0 0 0 0 
3 8 13 16 17 26 35 38 41 44 58 70 79 87 90 91 93 96 105 106 113 117 122 126 127 133 136 0 0 0 0 0 0 0 0 0 0 0 0 0 0 0 0 
8 14 17 26 35 41 42 45 56 58 61 75 79 81 82 87 92 93 97 98 99 102 105 112 113 117 118 122 127 133 136 0 0 0 0 0 0 0 0 0 0 0 0 
9 26 32 39 40 42 61 70 72 74 75 81 83 86 91 93 97 99 104 126 127 0 0 0 0 0 0 0 0 0 0 0 0 0 0 0 0 0 0 0 0 0 0 
16 22 41 52 58 66 68 70 74 81 87 91 93 97 99 102 117 127 130 134 0 0 0 0 0 0 0 0 0 0 0 0 0 0 0 0 0 0 0 0 0 0 0 
8 17 34 37 38 40 54 68 70 75 79 80 81 83 86 88 91 93 99 112 114 124 133 0 0 0 0 0 0 0 0 0 0 0 0 0 0 0 0 0 0 0 0 
8 9 16 17 26 32 37 60 74 79 81 104 105 106 122 126 127 133 0 0 0 0 0 0 0 0 0 0 0 0 0 0 0 0 0 0 0 0 0 0 0 0 0 
3 9 10 12 14 17 28 36 38 40 41 70 79 83 86 87 91 97 102 104 117 120 130 133 0 0 0 0 0 0 0 0 0 0 0 0 0 0 0 0 0 0 0 
3 9 14 16 26 34 38 40 41 66 76 80 83 87 92 102 113 117 118 122 0 0 0 0 0 0 0 0 0 0 0 0 0 0 0 0 0 0 0 0 0 0 0 
3 4 8 12 14 16 17 24 35 37 40 41 42 46 56 61 66 70 75 76 78 79 81 82 83 86 87 92 96 98 102 105 106 110 112 117 122 127 132 133 136 0 0 
3 9 19 26 28 37 46 50 52 68 70 76 77 80 86 91 97 124 127 0 0 0 0 0 0 0 0 0 0 0 0 0 0 0 0 0 0 0 0 0 0 0 0 
3 8 34 35 37 40 41 42 44 61 80 81 83 87 91 96 97 106 112 117 122 127 136 0 0 0 0 0 0 0 0 0 0 0 0 0 0 0 0 0 0 0 0 
16 22 35 38 42 45 58 73 75 79 91 97 113 133 0 0 0 0 0 0 0 0 0 0 0 0 0 0 0 0 0 0 0 0 0 0 0 0 0 0 0 0 0 
9 17 35 37 38 40 42 45 60 61 75 79 81 91 105 122 127 133 0 0 0 0 0 0 0 0 0 0 0 0 0 0 0 0 0 0 0 0 0 0 0 0 0 
4 9 14 17 26 28 35 38 41 61 66 75 78 79 80 81 83 87 117 122 123 132 133 0 0 0 0 0 0 0 0 0 0 0 0 0 0 0 0 0 0 0 0 
3 8 9 22 41 58 62 83 84 87 97 100 104 105 106 117 120 126 130 0 0 0 0 0 0 0 0 0 0 0 0 0 0 0 0 0 0 0 0 0 0 0 0 
16 17 24 26 35 37 45 48 52 54 56 61 64 72 74 75 79 80 83 87 97 102 104 117 127 133 0 0 0 0 0 0 0 0 0 0 0 0 0 0 0 0 0 
9 10 17 25 27 32 39 40 42 44 45 48 49 50 54 64 72 75 77 79 82 83 87 96 101 104 105 117 120 121 125 127 133 0 0 0 0 0 0 0 0 0 0 
25 26 27 28 38 39 45 49 70 74 75 79 81 101 113 121 125 127 133 0 0 0 0 0 0 0 0 0 0 0 0 0 0 0 0 0 0 0 0 0 0 0 0 
12 14 17 24 26 34 40 41 44 50 56 61 78 79 80 81 88 92 113 126 133 0 0 0 0 0 0 0 0 0 0 0 0 0 0 0 0 0 0 0 0 0 0 
9 17 22 26 35 37 40 41 42 44 54 58 72 74 75 79 104 126 127 132 133 136 0 0 0 0 0 0 0 0 0 0 0 0 0 0 0 0 0 0 0 0 0 
9 12 14 17 23 25 32 34 37 39 41 42 44 45 49 76 78 79 81 97 101 102 107 112 122 125 136 0 0 0 0 0 0 0 0 0 0 0 0 0 0 0 0 
6 9 10 12 14 20 23 25 26 32 36 37 39 42 49 61 74 76 80 81 86 88 101 102 105 106 107 108 124 125 133 0 0 0 0 0 0 0 0 0 0 0 0 
8 16 25 27 32 39 49 60 70 72 81 101 104 113 121 122 125 126 127 136 0 0 0 0 0 0 0 0 0 0 0 0 0 0 0 0 0 0 0 0 0 0 0 
6 9 12 19 22 34 37 48 52 56 61 70 80 94 100 102 127 0 0 0 0 0 0 0 0 0 0 0 0 0 0 0 0 0 0 0 0 0 0 0 0 0 0 
8 17 25 28 39 45 49 58 70 81 95 101 106 113 119 121 125 127 133 0 0 0 0 0 0 0 0 0 0 0 0 0 0 0 0 0 0 0 0 0 0 0 0 
2 8 12 14 18 27 34 35 38 40 42 45 58 61 80 81 95 96 112 119 132 133 136 0 0 0 0 0 0 0 0 0 0 0 0 0 0 0 0 0 0 0 0 
6 9 16 19 23 27 30 34 37 45 52 58 61 74 80 102 104 105 106 107 114 121 124 127 133 0 0 0 0 0 0 0 0 0 0 0 0 0 0 0 0 0 0 
9 12 25 26 27 28 32 34 36 37 39 41 42 45 46 49 50 58 61 78 81 98 101 104 110 113 114 118 121 125 126 0 0 0 0 0 0 0 0 0 0 0 0 
6 9 10 16 25 26 32 34 35 36 37 39 40 45 46 49 70 73 76 95 98 101 106 108 110 119 120 121 124 125 130 133 0 0 0 0 0 0 0 0 0 0 0 
12 22 23 25 26 27 28 32 38 39 40 42 45 48 49 70 73 75 80 81 84 95 101 107 113 119 120 125 126 127 130 0 0 0 0 0 0 0 0 0 0 0 0 
8 9 12 23 24 35 37 41 56 66 70 76 82 92 95 106 107 108 112 118 119 121 122 123 127 0 0 0 0 0 0 0 0 0 0 0 0 0 0 0 0 0 0 
3 8 12 16 23 25 26 32 39 40 44 49 72 80 90 96 101 105 106 107 112 113 122 123 125 126 127 133 0 0 0 0 0 0 0 0 0 0 0 0 0 0 0 
2 3 16 18 22 23 28 32 35 37 38 39 40 42 44 51 53 73 80 96 113 123 125 126 127 132 133 136 0 0 0 0 0 0 0 0 0 0 0 0 0 0 0 
9 24 28 32 34 39 51 53 54 58 61 70 75 78 82 86 95 98 102 104 106 107 118 119 121 125 133 0 0 0 0 0 0 0 0 0 0 0 0 0 0 0 0 
8 9 17 22 25 27 28 32 37 39 49 61 70 74 101 105 106 121 125 126 0 0 0 0 0 0 0 0 0 0 0 0 0 0 0 0 0 0 0 0 0 0 0 
9 25 28 30 32 37 39 40 49 72 74 95 97 101 104 105 106 112 113 119 121 124 125 128 133 0 0 0 0 0 0 0 0 0 0 0 0 0 0 0 0 0 0 
8 10 27 30 32 37 39 40 45 48 49 53 70 72 74 85 97 101 104 105 113 119 125 130 0 0 0 0 0 0 0 0 0 0 0 0 0 0 0 0 0 0 0 
8 9 25 26 42 45 53 72 73 74 85 97 104 105 106 119 121 136 0 0 0 0 0 0 0 0 0 0 0 0 0 0 0 0 0 0 0 0 0 0 0 0 0 
3 16 25 27 35 37 40 45 46 48 49 51 52 53 64 72 73 74 82 95 96 97 101 104 107 114 119 133 0 0 0 0 0 0 0 0 0 0 0 0 0 0 0 
12 14 16 24 27 28 38 40 45 61 66 72 73 78 86 95 98 102 104 108 110 112 119 122 133 136 0 0 0 0 0 0 0 0 0 0 0 0 0 0 0 0 0 
2 3 4 8 9 12 14 18 25 26 27 42 44 45 49 53 58 59 78 81 85 92 95 97 99 102 108 118 119 121 124 126 133 136 0 0 0 0 0 0 0 0 0 
9 26 30 34 37 38 40 51 54 58 59 68 73 74 85 88 99 101 106 107 113 114 121 128 0 0 0 0 0 0 0 0 0 0 0 0 0 0 0 0 0 0 0 
9 12 14 16 22 27 28 37 41 44 46 49 51 54 58 70 72 74 81 85 95 101 102 104 107 113 121 126 132 133 136 0 0 0 0 0 0 0 0 0 0 0 0 
2 12 16 22 25 28 32 35 37 38 40 45 49 51 53 58 60 72 74 80 90 101 104 105 107 0 0 0 0 0 0 0 0 0 0 0 0 0 0 0 0 0 0 
8 9 12 25 28 35 40 41 45 49 53 59 73 80 85 90 91 97 99 104 106 107 121 122 126 136 0 0 0 0 0 0 0 0 0 0 0 0 0 0 0 0 0 
3 4 12 16 25 26 27 37 46 51 53 56 58 59 72 73 75 76 81 82 91 92 95 96 97 99 101 104 108 112 123 126 132 133 0 0 0 0 0 0 0 0 0 
8 12 27 28 39 42 45 49 58 59 73 74 81 95 97 99 126 133 0 0 0 0 0 0 0 0 0 0 0 0 0 0 0 0 0 0 0 0 0 0 0 0 0 
9 10 12 16 22 25 27 42 50 52 53 54 58 61 85 95 106 120 121 126 133 134 0 0 0 0 0 0 0 0 0 0 0 0 0 0 0 0 0 0 0 0 0 
3 6 8 9 22 25 27 28 35 37 38 40 42 44 45 54 59 63 66 68 76 83 86 95 99 102 113 120 121 123 128 133 134 0 0 0 0 0 0 0 0 0 0 
9 22 25 32 37 40 49 63 70 72 81 83 86 121 123 126 0 0 0 0 0 0 0 0 0 0 0 0 0 0 0 0 0 0 0 0 0 0 0 0 0 0 0 
8 12 16 25 34 35 36 37 41 42 46 49 50 51 53 78 80 91 97 98 101 105 110 118 120 0 0 0 0 0 0 0 0 0 0 0 0 0 0 0 0 0 0 
4 9 22 25 40 41 42 46 49 53 54 58 59 61 73 74 78 80 85 97 99 121 126 0 0 0 0 0 0 0 0 0 0 0 0 0 0 0 0 0 0 0 0 
2 3 12 17 24 25 28 34 35 37 38 41 46 49 51 53 59 61 63 66 81 83 85 91 102 104 108 111 113 122 126 132 0 0 0 0 0 0 0 0 0 0 0 
3 12 17 35 42 44 48 52 59 63 64 70 72 77 80 82 83 85 96 101 111 113 123 126 134 0 0 0 0 0 0 0 0 0 0 0 0 0 0 0 0 0 0 
2 3 8 9 12 28 38 42 44 51 53 63 72 74 80 83 86 91 96 101 112 121 126 0 0 0 0 0 0 0 0 0 0 0 0 0 0 0 0 0 0 0 0 
9 12 16 17 22 26 32 35 37 38 39 40 51 59 61 70 73 81 85 91 97 99 101 121 0 0 0 0 0 0 0 0 0 0 0 0 0 0 0 0 0 0 0 
9 17 22 32 37 38 42 45 51 60 63 73 87 91 99 111 121 123 0 0 0 0 0 0 0 0 0 0 0 0 0 0 0 0 0 0 0 0 0 0 0 0 0 
4 8 17 22 34 35 37 38 46 53 54 58 75 76 81 83 87 99 101 102 104 106 111 113 0 0 0 0 0 0 0 0 0 0 0 0 0 0 0 0 0 0 0 
8 9 17 38 40 42 51 53 58 59 62 70 73 81 85 86 91 106 111 120 121 0 0 0 0 0 0 0 0 0 0 0 0 0 0 0 0 0 0 0 0 0 0 
6 10 14 19 24 28 34 36 37 53 59 63 64 72 74 80 83 85 88 97 99 104 105 106 113 120 123 124 130 0 0 0 0 0 0 0 0 0 0 0 0 0 0 
6 8 17 19 20 26 34 38 40 41 44 48 52 54 56 58 59 63 64 70 72 74 85 86 87 101 102 111 123 126 0 0 0 0 0 0 0 0 0 0 0 0 0 
9 16 38 39 40 41 42 51 53 63 73 74 87 91 97 101 105 121 123 0 0 0 0 0 0 0 0 0 0 0 0 0 0 0 0 0 0 0 0 0 0 0 0 
9 12 16 26 28 37 38 40 42 45 50 51 56 59 73 78 80 82 83 85 87 91 98 99 101 102 104 108 113 121 122 126 0 0 0 0 0 0 0 0 0 0 0 
9 12 17 18 22 34 37 42 51 54 63 73 80 83 91 96 99 104 111 112 121 122 123 132 0 0 0 0 0 0 0 0 0 0 0 0 0 0 0 0 0 0 0 
2 4 7 8 9 12 17 22 35 37 38 42 44 51 54 70 73 76 83 85 91 95 97 99 102 103 104 105 110 112 121 122 123 126 129 136 0 0 0 0 0 0 0 
2 7 8 12 17 35 36 38 50 59 61 80 87 95 97 101 103 123 129 0 0 0 0 0 0 0 0 0 0 0 0 0 0 0 0 0 0 0 0 0 0 0 0 
12 28 32 37 38 42 53 59 60 63 74 83 85 86 90 97 99 104 113 123 0 0 0 0 0 0 0 0 0 0 0 0 0 0 0 0 0 0 0 0 0 0 0 
8 17 35 38 42 48 58 59 62 63 70 75 84 85 86 87 97 101 111 113 123 126 130 0 0 0 0 0 0 0 0 0 0 0 0 0 0 0 0 0 0 0 0 
2 6 7 16 17 22 34 35 42 44 48 52 56 62 63 65 70 74 76 85 95 103 106 111 129 130 0 0 0 0 0 0 0 0 0 0 0 0 0 0 0 0 0 
3 7 8 17 35 37 38 40 41 42 44 53 59 61 65 70 72 73 83 86 95 99 103 106 111 112 113 122 126 129 136 0 0 0 0 0 0 0 0 0 0 0 0 
2 7 12 17 22 26 37 42 45 52 53 54 58 63 66 70 72 74 83 85 87 95 99 101 103 106 126 129 130 134 0 0 0 0 0 0 0 0 0 0 0 0 0 
8 12 14 17 34 35 37 41 44 50 53 54 56 61 70 72 75 80 83 87 99 101 106 111 112 118 136 0 0 0 0 0 0 0 0 0 0 0 0 0 0 0 0 
2 6 7 16 18 24 34 35 36 37 38 42 59 65 78 80 81 83 86 87 88 92 93 95 99 101 103 105 108 110 113 114 120 122 123 129 136 0 0 0 0 0 0 
10 16 17 30 41 53 58 59 62 63 65 75 80 81 84 85 93 97 105 106 123 126 0 0 0 0 0 0 0 0 0 0 0 0 0 0 0 0 0 0 0 0 0 
2 4 8 16 40 46 54 58 59 63 65 72 85 86 87 101 105 111 113 118 123 0 0 0 0 0 0 0 0 0 0 0 0 0 0 0 0 0 0 0 0 0 0 
2 7 8 38 41 44 60 63 72 85 90 95 96 103 105 106 111 129 136 0 0 0 0 0 0 0 0 0 0 0 0 0 0 0 0 0 0 0 0 0 0 0 0 
2 3 7 12 16 17 18 26 28 38 40 41 44 53 59 60 65 70 75 81 90 93 95 96 97 103 106 111 112 113 126 129 0 0 0 0 0 0 0 0 0 0 0 
3 4 7 8 12 16 17 18 41 42 45 50 53 56 58 63 70 72 74 78 80 85 86 87 92 93 95 101 102 103 104 108 112 124 126 129 0 0 0 0 0 0 0 
8 12 22 40 41 45 53 58 60 61 70 73 81 87 93 97 101 111 126 0 0 0 0 0 0 0 0 0 0 0 0 0 0 0 0 0 0 0 0 0 0 0 0 
2 6 7 8 12 19 35 42 52 54 59 65 70 80 81 86 87 95 101 102 103 105 106 123 128 129 0 0 0 0 0 0 0 0 0 0 0 0 0 0 0 0 0 
7 8 10 12 23 27 30 38 45 48 58 65 69 75 80 81 84 85 86 87 101 103 106 111 112 113 119 123 126 128 0 0 0 0 0 0 0 0 0 0 0 0 0 
7 8 12 16 17 23 26 27 28 40 45 53 60 61 65 69 70 72 85 93 103 104 119 122 123 0 0 0 0 0 0 0 0 0 0 0 0 0 0 0 0 0 0 
2 3 6 7 10 12 14 16 24 26 28 34 36 38 41 44 54 61 63 64 75 76 80 81 85 86 95 97 103 104 106 111 113 129 0 0 0 0 0 0 0 0 0 
3 7 17 24 28 35 46 53 58 59 65 70 76 92 93 95 96 102 103 108 110 111 113 118 129 132 0 0 0 0 0 0 0 0 0 0 0 0 0 0 0 0 0 
2 3 4 7 8 17 18 19 23 24 26 27 35 41 58 59 69 75 79 80 82 85 95 102 103 110 118 123 129 131 0 0 0 0 0 0 0 0 0 0 0 0 0 
2 3 12 16 17 22 23 27 35 38 40 41 44 52 58 59 63 66 68 69 75 76 79 81 86 97 105 111 113 120 131 134 0 0 0 0 0 0 0 0 0 0 0 
2 14 16 17 18 22 23 27 34 35 40 45 53 54 58 61 63 65 69 70 75 80 81 93 95 96 97 102 104 105 106 111 112 113 119 122 123 129 132 0 0 0 0 
16 26 32 35 41 42 53 59 60 61 63 65 74 75 80 81 85 93 105 113 123 0 0 0 0 0 0 0 0 0 0 0 0 0 0 0 0 0 0 0 0 0 0 
2 12 16 17 19 22 28 35 38 40 45 53 58 60 61 65 69 73 75 80 81 85 93 97 105 107 111 113 121 122 123 131 0 0 0 0 0 0 0 0 0 0 0 
8 19 23 27 34 41 45 61 63 66 74 75 76 81 85 92 95 97 104 105 107 118 119 121 122 129 131 0 0 0 0 0 0 0 0 0 0 0 0 0 0 0 0 
35 40 44 53 59 61 62 65 76 79 84 93 94 95 102 104 113 119 123 129 131 0 0 0 0 0 0 0 0 0 0 0 0 0 0 0 0 0 0 0 0 0 0 
2 3 10 12 23 27 28 41 45 46 48 50 54 56 59 64 69 82 85 95 96 97 104 105 111 119 126 129 134 0 0 0 0 0 0 0 0 0 0 0 0 0 0 
2 10 12 19 22 23 26 28 40 41 42 44 45 46 50 52 54 58 59 61 63 69 70 74 77 80 95 104 105 106 111 119 131 0 0 0 0 0 0 0 0 0 0 
2 8 17 22 23 26 53 58 63 65 69 72 74 79 93 97 111 113 123 129 0 0 0 0 0 0 0 0 0 0 0 0 0 0 0 0 0 0 0 0 0 0 0 
6 16 18 23 27 38 40 41 42 50 53 56 58 59 63 65 74 75 79 85 93 96 106 107 108 118 120 121 122 123 0 0 0 0 0 0 0 0 0 0 0 0 0 
2 4 12 19 23 27 28 38 40 42 53 58 61 65 69 74 78 79 85 93 102 104 105 111 112 113 123 126 131 132 0 0 0 0 0 0 0 0 0 0 0 0 0 
2 3 8 12 16 19 22 23 27 34 41 42 43 44 46 53 54 59 61 65 69 72 74 75 76 78 79 85 87 92 93 112 122 125 126 129 131 132 136 0 0 0 0 
2 3 6 24 34 35 38 42 43 54 61 63 64 69 70 74 81 87 104 105 107 121 125 126 129 131 0 0 0 0 0 0 0 0 0 0 0 0 0 0 0 0 0 
2 12 16 18 27 44 58 59 60 61 69 74 81 85 90 96 107 111 113 121 129 136 0 0 0 0 0 0 0 0 0 0 0 0 0 0 0 0 0 0 0 0 0 
2 16 17 19 35 40 41 59 61 63 69 72 107 111 113 121 131 0 0 0 0 0 0 0 0 0 0 0 0 0 0 0 0 0 0 0 0 0 0 0 0 0 0 
2 16 17 22 40 43 58 59 70 74 87 97 106 111 113 121 125 129 0 0 0 0 0 0 0 0 0 0 0 0 0 0 0 0 0 0 0 0 0 0 0 0 0 
18 22 27 35 38 39 40 43 44 54 61 69 70 72 74 85 87 97 104 107 113 125 126 132 136 0 0 0 0 0 0 0 0 0 0 0 0 0 0 0 0 0 0 
16 19 26 27 40 41 43 48 56 58 59 63 72 85 87 106 111 112 114 125 128 131 0 0 0 0 0 0 0 0 0 0 0 0 0 0 0 0 0 0 0 0 0 
6 8 16 19 27 28 35 36 38 40 42 58 63 74 76 78 80 85 86 97 104 108 113 118 120 129 131 0 0 0 0 0 0 0 0 0 0 0 0 0 0 0 0 
6 8 14 16 20 24 25 27 32 36 43 46 50 51 58 63 64 69 80 81 85 87 98 105 110 119 120 124 126 129 130 131 0 0 0 0 0 0 0 0 0 0 0 
16 22 25 26 32 45 51 58 59 69 74 80 94 100 105 111 113 119 125 129 0 0 0 0 0 0 0 0 0 0 0 0 0 0 0 0 0 0 0 0 0 0 0 
3 8 12 14 18 19 26 28 38 39 41 56 58 59 63 69 70 76 78 80 82 86 92 97 98 102 104 107 110 111 112 113 118 131 136 0 0 0 0 0 0 0 0 
3 12 16 18 28 38 40 41 43 44 59 73 81 87 106 111 122 123 125 129 132 0 0 0 0 0 0 0 0 0 0 0 0 0 0 0 0 0 0 0 0 0 0 
2 14 18 25 28 32 34 43 44 45 49 51 54 59 69 70 72 80 87 97 99 106 122 126 132 0 0 0 0 0 0 0 0 0 0 0 0 0 0 0 0 0 0 
12 16 19 24 25 28 32 34 35 38 39 41 43 45 49 51 61 63 70 74 78 80 87 88 92 99 104 105 107 111 114 118 131 136 0 0 0 0 0 0 0 0 0 
19 25 39 42 51 58 60 63 70 97 104 105 107 119 122 125 129 131 0 0 0 0 0 0 0 0 0 0 0 0 0 0 0 0 0 0 0 0 0 0 0 0 0 
10 19 26 38 39 43 48 58 63 69 75 84 87 97 105 107 113 124 125 126 129 131 0 0 0 0 0 0 0 0 0 0 0 0 0 0 0 0 0 0 0 0 0 
8 19 26 35 39 42 48 49 58 62 63 69 72 75 86 89 97 99 100 107 122 125 129 0 0 0 0 0 0 0 0 0 0 0 0 0 0 0 0 0 0 0 0 
8 12 25 28 32 35 38 40 44 45 49 51 69 74 80 81 86 89 90 96 99 104 113 119 126 131 0 0 0 0 0 0 0 0 0 0 0 0 0 0 0 0 0 
3 10 26 40 42 43 45 46 48 49 50 54 64 74 82 87 96 97 99 104 111 114 119 120 125 126 129 134 0 0 0 0 0 0 0 0 0 0 0 0 0 0 0 
2 4 12 18 25 28 32 38 42 43 51 69 74 75 78 80 81 82 86 87 98 102 106 108 118 119 122 126 136 0 0 0 0 0 0 0 0 0 0 0 0 0 0 
5 8 12 14 17 25 34 38 41 43 44 45 49 50 51 55 56 61 70 74 82 83 87 88 92 98 99 102 104 113 118 119 125 126 131 0 0 0 0 0 0 0 0 
5 8 17 25 28 30 35 38 42 51 55 58 74 81 83 86 105 111 112 124 126 128 129 131 0 0 0 0 0 0 0 0 0 0 0 0 0 0 0 0 0 0 0 
3 4 8 25 32 43 45 51 69 70 72 78 80 81 86 87 89 97 102 106 111 123 125 126 129 131 132 0 0 0 0 0 0 0 0 0 0 0 0 0 0 0 0 
12 16 25 41 49 51 61 69 72 80 99 105 111 113 125 126 129 0 0 0 0 0 0 0 0 0 0 0 0 0 0 0 0 0 0 0 0 0 0 0 0 0 0 
5 8 25 26 32 35 41 42 44 45 51 55 60 69 74 80 83 91 96 97 104 111 113 122 125 126 131 0 0 0 0 0 0 0 0 0 0 0 0 0 0 0 0 
3 5 12 14 24 26 38 40 41 43 55 66 78 80 83 87 89 91 98 102 104 106 108 110 123 129 136 0 0 0 0 0 0 0 0 0 0 0 0 0 0 0 0 
5 8 26 40 41 43 45 55 58 69 70 72 74 83 87 89 104 113 122 125 0 0 0 0 0 0 0 0 0 0 0 0 0 0 0 0 0 0 0 0 0 0 0 
6 8 16 22 43 44 45 49 61 66 70 72 74 76 87 89 97 99 120 122 128 131 134 0 0 0 0 0 0 0 0 0 0 0 0 0 0 0 0 0 0 0 0 
5 6 19 28 35 40 49 52 54 55 68 72 74 80 87 88 91 99 102 105 124 128 129 131 0 0 0 0 0 0 0 0 0 0 0 0 0 0 0 0 0 0 0 
8 17 22 28 35 40 41 43 49 58 60 69 73 81 83 86 89 91 99 106 125 129 131 0 0 0 0 0 0 0 0 0 0 0 0 0 0 0 0 0 0 0 0 
6 8 10 16 17 20 26 32 36 41 42 66 69 76 88 91 97 108 124 125 129 0 0 0 0 0 0 0 0 0 0 0 0 0 0 0 0 0 0 0 0 0 0 
3 4 5 14 17 24 28 32 35 41 45 49 54 55 61 69 70 74 75 76 81 83 86 92 99 104 105 106 108 123 125 126 131 132 0 0 0 0 0 0 0 0 0 
1 3 4 5 7 8 12 23 24 28 32 37 41 42 46 47 49 55 57 66 69 70 74 86 91 93 106 110 118 122 125 126 132 0 0 0 0 0 0 0 0 0 0 
1 5 7 10 16 17 23 35 37 38 47 49 50 52 54 55 57 58 61 70 72 93 97 104 105 106 113 120 126 129 134 0 0 0 0 0 0 0 0 0 0 0 0 
2 3 12 14 18 22 26 35 40 42 43 49 61 73 83 89 99 112 122 123 126 131 132 136 0 0 0 0 0 0 0 0 0 0 0 0 0 0 0 0 0 0 0 
5 16 22 28 32 49 55 58 83 91 99 105 106 113 129 131 0 0 0 0 0 0 0 0 0 0 0 0 0 0 0 0 0 0 0 0 0 0 0 0 0 0 0 
1 8 15 23 32 37 40 42 45 47 57 61 67 80 81 83 86 89 91 93 99 126 131 0 0 0 0 0 0 0 0 0 0 0 0 0 0 0 0 0 0 0 0 
1 4 8 14 15 16 17 22 23 26 28 37 40 41 43 44 46 47 49 54 57 58 67 72 78 91 93 104 106 112 113 126 136 0 0 0 0 0 0 0 0 0 0 
1 5 7 12 17 22 23 28 37 42 43 45 47 48 55 57 61 70 75 81 83 84 89 93 97 99 104 105 106 120 122 129 130 131 0 0 0 0 0 0 0 0 0 
5 10 14 19 20 36 40 41 43 54 55 61 64 76 81 86 89 91 106 122 126 129 0 0 0 0 0 0 0 0 0 0 0 0 0 0 0 0 0 0 0 0 0 
1 5 10 12 15 20 23 24 35 37 41 47 49 50 52 54 55 57 58 61 64 65 67 72 74 77 82 89 93 96 102 105 114 129 0 0 0 0 0 0 0 0 0 
7 12 15 32 38 39 40 42 43 49 58 65 67 70 83 97 99 105 122 126 131 0 0 0 0 0 0 0 0 0 0 0 0 0 0 0 0 0 0 0 0 0 0 
5 7 12 15 16 28 38 42 49 55 67 70 74 75 78 82 83 86 89 91 98 99 102 108 118 126 129 131 0 0 0 0 0 0 0 0 0 0 0 0 0 0 0 
1 4 7 12 14 17 18 22 23 34 37 41 47 54 57 70 72 76 80 81 83 91 93 96 97 99 104 105 110 131 0 0 0 0 0 0 0 0 0 0 0 0 0 
1 4 14 15 18 23 26 28 34 40 43 44 47 49 57 58 65 67 70 72 75 78 83 86 91 99 106 110 132 136 0 0 0 0 0 0 0 0 0 0 0 0 0 
1 5 6 7 10 16 23 34 43 46 47 50 55 57 58 65 70 76 89 98 105 108 110 113 120 122 124 129 130 131 0 0 0 0 0 0 0 0 0 0 0 0 0 
5 12 16 17 43 45 55 61 65 72 89 91 104 122 129 136 0 0 0 0 0 0 0 0 0 0 0 0 0 0 0 0 0 0 0 0 0 0 0 0 0 0 0 
1 5 12 15 17 23 28 35 37 41 42 47 49 55 57 61 67 72 84 89 93 97 100 104 106 129 130 0 0 0 0 0 0 0 0 0 0 0 0 0 0 0 0 
2 5 11 15 16 26 28 32 37 40 42 47 49 55 57 67 74 75 79 81 85 89 93 104 122 129 0 0 0 0 0 0 0 0 0 0 0 0 0 0 0 0 0 
2 11 12 15 17 18 22 26 32 37 43 47 49 57 61 65 67 70 72 75 79 85 91 93 96 97 104 106 112 113 122 132 0 0 0 0 0 0 0 0 0 0 0 
1 6 7 8 12 17 19 22 23 38 40 41 47 57 58 66 70 80 91 102 104 105 113 128 130 131 134 0 0 0 0 0 0 0 0 0 0 0 0 0 0 0 0 
1 15 23 24 37 41 42 43 45 46 47 49 56 57 65 67 70 72 75 86 88 91 92 93 96 97 98 104 106 122 136 0 0 0 0 0 0 0 0 0 0 0 0 
1 2 8 11 17 18 23 28 32 34 46 47 57 72 76 80 85 91 98 103 111 113 118 119 120 122 0 0 0 0 0 0 0 0 0 0 0 0 0 0 0 0 0 
2 7 8 11 32 35 45 48 61 62 70 74 75 80 84 85 103 105 111 113 119 126 130 131 0 0 0 0 0 0 0 0 0 0 0 0 0 0 0 0 0 0 0 
1 2 3 4 7 8 11 15 16 23 24 28 32 34 37 40 42 43 49 58 65 67 70 72 76 79 81 85 86 92 93 102 104 105 108 113 123 126 131 132 0 0 0 
7 8 15 16 17 37 40 41 43 44 49 65 67 70 81 86 90 93 96 97 131 136 0 0 0 0 0 0 0 0 0 0 0 0 0 0 0 0 0 0 0 0 0 
7 11 15 19 32 35 37 42 43 44 45 49 60 65 67 72 73 74 79 85 86 93 96 97 112 131 132 136 0 0 0 0 0 0 0 0 0 0 0 0 0 0 0 
1 2 12 14 19 23 44 45 50 56 61 81 97 104 105 106 112 113 118 122 136 0 0 0 0 0 0 0 0 0 0 0 0 0 0 0 0 0 0 0 0 0 0 
1 15 16 22 23 26 32 37 40 43 45 49 58 61 65 67 73 74 75 79 80 86 93 97 103 106 111 113 119 126 0 0 0 0 0 0 0 0 0 0 0 0 0 
1 2 8 10 11 12 17 23 32 56 61 79 80 84 85 97 105 112 114 122 124 126 128 0 0 0 0 0 0 0 0 0 0 0 0 0 0 0 0 0 0 0 0 
10 11 19 23 26 27 30 32 38 42 58 81 84 85 107 113 120 121 0 0 0 0 0 0 0 0 0 0 0 0 0 0 0 0 0 0 0 0 0 0 0 0 0 
1 11 15 16 19 26 27 32 37 41 42 43 49 60 65 67 79 81 85 86 90 93 103 105 106 107 111 119 121 136 0 0 0 0 0 0 0 0 0 0 0 0 0 
2 3 8 12 15 19 24 26 34 37 38 42 43 44 45 46 48 49 52 56 61 64 65 67 74 77 79 86 93 102 103 105 111 112 113 119 122 134 0 0 0 0 0 
4 8 11 15 17 32 35 37 38 43 49 56 58 61 65 66 67 75 76 81 85 86 92 93 102 103 105 108 110 111 113 119 123 126 0 0 0 0 0 0 0 0 0 
1 3 4 11 12 14 15 16 17 18 21 27 28 35 37 38 43 45 51 61 65 66 67 70 72 75 81 82 86 92 93 97 98 102 111 112 113 115 119 124 126 0 0 
1 6 11 17 21 26 27 42 45 49 51 52 54 72 74 79 81 97 102 103 106 115 126 128 0 0 0 0 0 0 0 0 0 0 0 0 0 0 0 0 0 0 0 
1 2 4 8 11 12 14 22 26 27 32 34 40 42 54 61 70 72 75 76 80 81 85 104 107 121 122 0 0 0 0 0 0 0 0 0 0 0 0 0 0 0 0 
2 11 16 17 19 32 35 40 45 60 73 79 85 90 104 0 0 0 0 0 0 0 0 0 0 0 0 0 0 0 0 0 0 0 0 0 0 0 0 0 0 0 0 
1 19 26 27 35 38 41 49 51 70 72 73 77 81 85 90 103 105 115 0 0 0 0 0 0 0 0 0 0 0 0 0 0 0 0 0 0 0 0 0 0 0 0 
3 8 11 19 24 28 38 40 45 46 49 51 58 61 72 73 75 76 77 92 97 102 103 105 107 108 115 118 121 123 132 0 0 0 0 0 0 0 0 0 0 0 0 
2 6 16 17 21 26 32 34 40 48 49 51 52 56 61 70 72 79 80 84 85 100 102 103 105 107 115 121 122 126 130 0 0 0 0 0 0 0 0 0 0 0 0 
1 2 3 8 10 16 17 19 27 28 35 38 40 44 45 48 50 54 64 70 74 77 79 82 96 97 107 113 114 121 122 0 0 0 0 0 0 0 0 0 0 0 0 
1 2 3 6 11 12 17 19 26 27 35 39 40 41 44 45 46 49 51 54 61 66 68 72 73 79 97 103 104 113 115 120 121 122 126 128 130 0 0 0 0 0 0 
1 11 17 19 21 27 39 40 42 60 70 72 73 77 80 85 97 107 126 0 0 0 0 0 0 0 0 0 0 0 0 0 0 0 0 0 0 0 0 0 0 0 0 
8 11 12 17 21 26 32 35 36 40 42 50 56 61 70 72 73 74 77 79 80 81 85 122 0 0 0 0 0 0 0 0 0 0 0 0 0 0 0 0 0 0 0 
1 8 21 27 28 32 34 35 41 44 45 49 51 58 72 75 76 78 81 85 86 92 102 103 104 106 112 113 115 136 0 0 0 0 0 0 0 0 0 0 0 0 0 
2 4 11 19 24 25 27 32 38 41 46 49 66 70 73 74 75 76 77 80 85 92 97 103 105 108 113 115 119 122 125 0 0 0 0 0 0 0 0 0 0 0 0 
3 12 16 17 19 20 21 24 25 27 35 41 42 44 45 48 49 52 56 58 70 79 80 81 86 102 103 113 115 119 122 125 126 0 0 0 0 0 0 0 0 0 0 
1 3 8 16 17 19 26 27 39 42 44 61 79 80 81 90 97 107 112 123 126 136 0 0 0 0 0 0 0 0 0 0 0 0 0 0 0 0 0 0 0 0 0 
1 11 27 38 40 49 51 73 74 77 79 103 115 122 0 0 0 0 0 0 0 0 0 0 0 0 0 0 0 0 0 0 0 0 0 0 0 0 0 0 0 0 0 
1 8 11 12 17 19 21 25 27 40 42 58 60 70 77 79 80 89 103 104 106 111 119 0 0 0 0 0 0 0 0 0 0 0 0 0 0 0 0 0 0 0 0 
4 11 12 18 21 25 35 39 40 41 42 73 74 76 77 80 86 89 102 103 104 107 110 111 112 113 119 126 132 0 0 0 0 0 0 0 0 0 0 0 0 0 0 
1 10 12 16 21 25 39 49 56 61 75 84 86 103 104 107 112 114 115 119 124 125 128 0 0 0 0 0 0 0 0 0 0 0 0 0 0 0 0 0 0 0 0 
6 11 12 19 26 34 36 39 41 42 46 49 50 51 58 61 66 70 72 73 76 77 98 103 104 105 107 108 110 115 124 0 0 0 0 0 0 0 0 0 0 0 0 
8 10 14 21 24 25 28 34 36 40 42 44 49 54 55 58 73 76 83 89 104 105 106 107 108 111 115 119 122 126 0 0 0 0 0 0 0 0 0 0 0 0 0 
1 6 19 34 35 39 40 41 42 44 45 48 52 55 56 62 72 73 74 76 83 89 94 100 103 104 106 111 122 125 130 0 0 0 0 0 0 0 0 0 0 0 0 
1 2 3 4 11 18 28 35 45 49 56 66 73 75 77 78 80 89 92 97 102 104 106 108 111 112 113 115 122 125 0 0 0 0 0 0 0 0 0 0 0 0 0 
1 3 11 16 18 19 21 25 40 41 44 51 77 81 86 96 104 119 123 125 132 136 0 0 0 0 0 0 0 0 0 0 0 0 0 0 0 0 0 0 0 0 0 
2 4 5 8 11 14 16 17 18 21 34 35 38 39 40 41 58 61 72 74 76 77 80 86 96 97 102 103 105 106 110 111 113 122 125 136 0 0 0 0 0 0 0 
1 5 6 8 12 16 17 18 21 26 36 39 41 49 61 73 89 103 104 106 108 110 113 115 118 120 126 0 0 0 0 0 0 0 0 0 0 0 0 0 0 0 0 
8 11 16 19 28 39 42 49 55 60 70 77 83 103 104 106 115 122 126 0 0 0 0 0 0 0 0 0 0 0 0 0 0 0 0 0 0 0 0 0 0 0 0 
16 19 21 22 25 40 41 42 48 49 51 74 75 81 86 89 97 100 104 106 111 115 119 120 122 126 0 0 0 0 0 0 0 0 0 0 0 0 0 0 0 0 0 
1 5 8 12 16 22 38 39 44 49 58 62 70 72 73 74 76 81 84 86 91 99 100 102 103 106 119 0 0 0 0 0 0 0 0 0 0 0 0 0 0 0 0 
1 3 5 8 11 16 18 26 38 41 42 45 55 60 70 73 77 80 81 83 86 91 99 105 112 115 119 122 123 0 0 0 0 0 0 0 0 0 0 0 0 0 0 
1 3 5 8 11 12 17 21 22 26 28 44 45 50 52 55 68 73 76 77 80 83 89 104 120 122 124 134 0 0 0 0 0 0 0 0 0 0 0 0 0 0 0 
11 21 25 35 39 41 45 51 54 55 58 74 77 78 81 83 86 88 89 92 97 103 105 108 111 112 118 119 122 136 0 0 0 0 0 0 0 0 0 0 0 0 0 
6 11 16 17 18 25 26 31 35 39 42 46 50 51 55 61 65 70 72 74 75 78 82 83 86 88 89 91 92 102 103 104 108 111 112 113 114 115 119 120 126 131 136 
1 5 10 12 19 21 25 31 38 39 48 51 65 70 72 73 75 77 80 81 84 91 97 103 105 111 115 119 124 131 0 0 0 0 0 0 0 0 0 0 0 0 0 
16 17 19 21 26 34 40 41 45 58 61 66 75 76 78 89 91 92 99 115 119 0 0 0 0 0 0 0 0 0 0 0 0 0 0 0 0 0 0 0 0 0 0 
1 5 8 12 17 19 25 28 35 39 41 42 51 72 73 90 103 104 106 111 119 122 0 0 0 0 0 0 0 0 0 0 0 0 0 0 0 0 0 0 0 0 0 
17 18 21 25 28 31 41 60 61 65 77 91 97 106 115 119 122 131 136 0 0 0 0 0 0 0 0 0 0 0 0 0 0 0 0 0 0 0 0 0 0 0 0 
2 4 14 16 18 19 25 28 31 35 65 66 72 74 75 77 78 82 86 89 98 99 108 113 118 131 136 0 0 0 0 0 0 0 0 0 0 0 0 0 0 0 0 
1 5 22 25 31 39 40 41 42 45 51 58 65 73 77 81 89 97 99 103 104 111 113 122 131 0 0 0 0 0 0 0 0 0 0 0 0 0 0 0 0 0 0 
1 5 6 12 19 21 22 25 26 35 39 41 42 51 58 66 68 70 72 73 88 89 91 99 102 103 104 105 111 113 115 122 124 126 128 130 134 0 0 0 0 0 0 
1 5 7 10 15 19 21 26 30 31 39 48 51 65 67 68 70 73 75 77 80 84 88 89 91 103 105 106 111 112 115 124 128 131 0 0 0 0 0 0 0 0 0 
7 8 12 15 17 19 21 25 26 28 32 35 58 67 70 80 81 91 97 99 115 122 0 0 0 0 0 0 0 0 0 0 0 0 0 0 0 0 0 0 0 0 0 
1 5 6 17 24 26 34 39 41 51 58 64 72 73 81 88 102 103 104 105 111 113 124 126 0 0 0 0 0 0 0 0 0 0 0 0 0 0 0 0 0 0 0 
2 3 8 12 17 21 24 26 28 31 34 38 45 65 66 75 77 81 91 96 104 115 122 126 131 132 0 0 0 0 0 0 0 0 0 0 0 0 0 0 0 0 0 
7 12 15 17 18 19 24 25 26 31 42 45 66 67 76 77 80 82 92 99 104 105 106 108 112 118 123 131 0 0 0 0 0 0 0 0 0 0 0 0 0 0 0 
1 5 7 8 12 15 22 25 31 38 39 40 41 44 45 46 51 61 67 70 73 74 97 99 103 105 111 120 122 126 131 134 0 0 0 0 0 0 0 0 0 0 0 
1 5 7 8 15 18 21 22 25 26 39 40 41 42 44 51 54 67 72 73 81 91 97 99 103 105 106 111 115 122 132 136 0 0 0 0 0 0 0 0 0 0 0 
1 5 12 19 21 22 26 31 32 38 39 40 41 45 51 60 65 72 77 86 91 97 103 104 106 111 113 115 131 0 0 0 0 0 0 0 0 0 0 0 0 0 0 
1 2 5 8 12 19 22 31 35 38 39 42 57 65 67 79 81 90 91 113 115 121 0 0 0 0 0 0 0 0 0 0 0 0 0 0 0 0 0 0 0 0 0 
3 4 7 8 14 15 19 21 25 28 31 34 40 51 57 58 61 65 70 73 74 75 76 79 92 99 103 105 111 113 121 122 123 132 0 0 0 0 0 0 0 0 0 
16 21 22 31 35 40 48 58 70 72 75 77 91 97 100 105 115 120 131 0 0 0 0 0 0 0 0 0 0 0 0 0 0 0 0 0 0 0 0 0 0 0 0 
7 15 19 20 25 26 31 34 35 40 42 44 45 58 64 65 67 70 77 80 97 99 104 106 112 114 122 126 131 0 0 0 0 0 0 0 0 0 0 0 0 0 0 
3 8 12 16 21 40 41 46 48 51 52 56 57 58 64 70 72 73 74 75 77 79 82 86 96 103 111 113 114 121 131 0 0 0 0 0 0 0 0 0 0 0 0 
8 22 26 31 32 35 38 51 57 58 72 73 74 75 79 81 86 91 97 103 104 111 113 115 121 0 0 0 0 0 0 0 0 0 0 0 0 0 0 0 0 0 0 
7 8 15 16 19 24 25 42 45 51 54 57 61 65 73 77 78 79 80 81 88 91 92 97 99 103 106 111 112 115 118 121 122 131 136 0 0 0 0 0 0 0 0 
4 7 12 15 16 18 19 21 22 25 26 38 40 44 45 54 65 67 76 91 97 99 102 106 110 112 113 115 126 136 0 0 0 0 0 0 0 0 0 0 0 0 0 
3 7 15 16 19 21 22 25 31 38 40 44 45 46 47 51 54 65 67 70 72 73 74 81 91 92 97 99 102 106 112 119 121 123 126 132 136 0 0 0 0 0 0 
10 14 19 20 21 24 28 31 34 35 36 45 47 57 64 67 72 74 76 77 79 80 86 97 103 104 108 111 115 119 122 131 0 0 0 0 0 0 0 0 0 0 0 
7 12 15 19 25 28 31 35 38 44 61 65 74 75 77 80 86 90 96 97 99 106 131 0 0 0 0 0 0 0 0 0 0 0 0 0 0 0 0 0 0 0 0 
8 19 21 41 42 51 57 61 62 67 73 76 77 79 81 97 102 103 104 106 111 116 121 130 131 0 0 0 0 0 0 0 0 0 0 0 0 0 0 0 0 0 0 
2 7 8 12 16 17 19 31 38 39 40 47 51 70 73 79 80 97 103 111 115 121 122 131 0 0 0 0 0 0 0 0 0 0 0 0 0 0 0 0 0 0 0 
8 14 15 17 22 25 34 35 42 44 47 51 54 65 70 73 75 77 79 86 96 99 103 111 112 115 121 0 0 0 0 0 0 0 0 0 0 0 0 0 0 0 0 
7 8 12 15 19 21 25 30 34 35 40 47 54 57 65 67 75 79 80 86 99 103 111 114 115 119 124 128 0 0 0 0 0 0 0 0 0 0 0 0 0 0 0 
6 7 8 12 15 18 19 21 25 31 34 35 38 46 50 51 56 57 65 67 70 73 75 78 79 81 98 99 103 105 108 111 121 0 0 0 0 0 0 0 0 0 0 
2 7 15 17 19 20 21 25 26 28 31 34 35 36 38 40 41 46 65 67 75 79 80 88 97 98 99 103 105 110 111 115 120 124 126 130 0 0 0 0 0 0 0 
2 16 17 26 31 40 42 47 57 61 70 84 86 97 100 105 119 130 0 0 0 0 0 0 0 0 0 0 0 0 0 0 0 0 0 0 0 0 0 0 0 0 0 
3 7 17 19 21 26 28 35 38 41 46 51 56 57 66 67 73 77 81 82 96 97 102 106 110 112 119 121 122 126 132 0 0 0 0 0 0 0 0 0 0 0 0 
8 18 28 31 41 44 47 51 60 70 72 73 81 90 96 115 119 121 126 0 0 0 0 0 0 0 0 0 0 0 0 0 0 0 0 0 0 0 0 0 0 0 0 
3 8 12 14 16 17 41 51 57 58 61 70 72 74 81 86 96 106 113 115 119 121 123 126 136 0 0 0 0 0 0 0 0 0 0 0 0 0 0 0 0 0 0 
7 16 19 21 26 34 41 42 58 67 75 77 82 88 92 98 102 104 105 112 115 122 126 136 0 0 0 0 0 0 0 0 0 0 0 0 0 0 0 0 0 0 0 
7 12 19 21 22 31 32 42 47 51 58 60 67 70 72 77 86 97 105 106 113 121 126 0 0 0 0 0 0 0 0 0 0 0 0 0 0 0 0 0 0 0 0 
2 7 10 17 19 21 26 30 31 35 38 47 48 56 57 67 70 74 75 77 81 84 104 105 112 113 114 115 120 122 126 128 0 0 0 0 0 0 0 0 0 0 0 
2 16 17 19 21 30 31 40 41 42 45 47 57 61 62 72 73 75 77 81 100 120 122 124 0 0 0 0 0 0 0 0 0 0 0 0 0 0 0 0 0 0 0 
2 7 8 17 40 44 51 57 58 67 72 86 90 96 97 104 106 121 136 0 0 0 0 0 0 0 0 0 0 0 0 0 0 0 0 0 0 0 0 0 0 0 0 
8 10 16 26 28 31 47 50 51 52 54 56 73 80 106 114 115 121 122 134 0 0 0 0 0 0 0 0 0 0 0 0 0 0 0 0 0 0 0 0 0 0 0 
4 12 14 16 17 18 28 35 38 42 51 56 57 58 70 73 75 80 86 102 105 113 115 118 121 122 124 126 136 0 0 0 0 0 0 0 0 0 0 0 0 0 0 
2 3 7 12 14 26 39 40 44 45 50 54 56 61 67 70 73 78 81 82 86 88 97 98 106 108 112 113 115 121 124 126 136 0 0 0 0 0 0 0 0 0 0 
2 7 12 26 31 38 39 47 51 58 67 68 72 80 81 88 104 106 122 124 126 0 0 0 0 0 0 0 0 0 0 0 0 0 0 0 0 0 0 0 0 0 0 
2 4 7 8 14 16 17 22 28 31 44 46 47 54 57 61 67 73 74 78 81 86 97 104 112 113 115 136 0 0 0 0 0 0 0 0 0 0 0 0 0 0 0 
2 12 17 26 31 35 42 45 47 57 60 61 70 72 80 81 86 90 105 126 0 0 0 0 0 0 0 0 0 0 0 0 0 0 0 0 0 0 0 0 0 0 0 
2 5 7 12 25 28 31 40 45 47 51 57 60 61 67 72 73 75 86 90 104 106 113 0 0 0 0 0 0 0 0 0 0 0 0 0 0 0 0 0 0 0 0 
2 4 5 12 16 17 25 42 45 51 66 72 74 76 92 102 104 105 106 108 110 115 122 123 0 0 0 0 0 0 0 0 0 0 0 0 0 0 0 0 0 0 0 
8 12 35 41 45 51 57 61 70 72 73 86 97 106 115 122 0 0 0 0 0 0 0 0 0 0 0 0 0 0 0 0 0 0 0 0 0 0 0 0 0 0 0 
7 12 26 28 35 40 41 44 46 50 52 54 58 61 67 73 74 77 80 97 113 115 120 124 126 130 0 0 0 0 0 0 0 0 0 0 0 0 0 0 0 0 0 
3 5 7 8 17 22 25 38 40 41 42 52 58 61 66 67 73 74 75 88 102 105 124 130 134 0 0 0 0 0 0 0 0 0 0 0 0 0 0 0 0 0 0 
5 7 25 35 38 39 41 42 51 57 60 67 70 74 75 80 81 86 104 113 115 122 126 0 0 0 0 0 0 0 0 0 0 0 0 0 0 0 0 0 0 0 0 
5 6 8 16 25 28 34 38 39 40 46 50 57 58 72 73 74 75 76 80 97 98 108 110 113 122 126 0 0 0 0 0 0 0 0 0 0 0 0 0 0 0 0 
2 3 7 14 17 26 28 34 39 41 42 45 46 51 54 57 58 67 74 75 76 78 80 81 86 92 97 104 105 106 122 123 132 0 0 0 0 0 0 0 0 0 0 
2 4 5 8 14 17 25 26 34 51 55 58 70 73 80 81 83 96 107 108 115 118 123 126 0 0 0 0 0 0 0 0 0 0 0 0 0 0 0 0 0 0 0 
3 8 10 16 17 28 38 39 40 41 44 48 50 51 54 55 56 57 58 61 64 77 80 82 83 86 96 97 107 113 114 115 122 0 0 0 0 0 0 0 0 0 0 
2 7 8 18 41 42 51 67 72 73 74 80 81 96 104 105 106 112 115 122 132 0 0 0 0 0 0 0 0 0 0 0 0 0 0 0 0 0 0 0 0 0 0 
5 7 8 25 26 32 40 45 51 60 61 67 74 75 80 86 97 106 113 0 0 0 0 0 0 0 0 0 0 0 0 0 0 0 0 0 0 0 0 0 0 0 0 
7 8 22 35 39 40 41 51 57 60 67 70 72 75 89 104 105 106 107 115 119 125 0 0 0 0 0 0 0 0 0 0 0 0 0 0 0 0 0 0 0 0 0 
14 16 17 28 34 35 39 42 44 57 70 76 78 80 81 86 89 102 107 112 119 125 126 136 0 0 0 0 0 0 0 0 0 0 0 0 0 0 0 0 0 0 0 
7 10 12 17 26 39 40 48 55 57 58 62 67 72 73 75 81 83 84 86 97 104 105 107 120 122 124 126 0 0 0 0 0 0 0 0 0 0 0 0 0 0 0 
5 6 8 17 19 20 25 26 42 44 58 70 75 88 97 102 105 106 108 115 124 0 0 0 0 0 0 0 0 0 0 0 0 0 0 0 0 0 0 0 0 0 0 
5 7 12 15 16 17 20 25 42 46 54 57 58 64 74 77 86 89 91 104 106 107 114 115 119 125 134 0 0 0 0 0 0 0 0 0 0 0 0 0 0 0 0 
5 12 15 17 25 26 39 40 45 55 58 61 67 72 73 81 83 89 91 104 106 115 119 122 125 0 0 0 0 0 0 0 0 0 0 0 0 0 0 0 0 0 0 
2 4 7 8 12 18 35 38 41 50 55 56 67 73 81 83 89 105 118 119 122 125 126 136 0 0 0 0 0 0 0 0 0 0 0 0 0 0 0 0 0 0 0 
2 5 7 18 25 38 39 42 44 55 57 58 61 67 73 74 75 80 83 86 97 102 106 107 115 132 0 0 0 0 0 0 0 0 0 0 0 0 0 0 0 0 0 
7 14 16 18 22 34 35 38 45 54 55 57 74 80 81 89 91 102 104 107 110 112 119 122 125 126 132 0 0 0 0 0 0 0 0 0 0 0 0 0 0 0 0 
6 8 12 16 28 34 35 36 46 57 61 67 72 73 74 76 80 83 91 98 106 107 108 110 122 0 0 0 0 0 0 0 0 0 0 0 0 0 0 0 0 0 0 
5 7 8 15 25 26 35 39 41 60 75 80 90 91 97 104 106 113 115 126 0 0 0 0 0 0 0 0 0 0 0 0 0 0 0 0 0 0 0 0 0 0 0 
5 12 19 25 38 39 41 44 48 57 61 62 70 74 75 76 80 86 89 100 102 107 115 119 120 125 130 0 0 0 0 0 0 0 0 0 0 0 0 0 0 0 0 
5 16 19 22 26 39 62 67 73 74 76 80 83 84 89 91 94 102 105 115 116 122 125 126 0 0 0 0 0 0 0 0 0 0 0 0 0 0 0 0 0 0 0 
3 7 15 16 18 25 41 44 58 67 70 74 75 80 83 86 89 96 97 105 113 122 123 125 132 136 0 0 0 0 0 0 0 0 0 0 0 0 0 0 0 0 0 
5 6 7 15 25 38 39 40 42 44 45 52 54 57 58 67 72 73 75 76 83 86 97 106 107 115 120 122 126 128 130 0 0 0 0 0 0 0 0 0 0 0 0 
6 7 15 16 18 26 35 38 40 45 50 54 56 57 58 61 72 74 75 81 82 88 89 91 92 96 97 98 102 104 106 107 108 114 118 119 120 122 125 136 0 0 0 
6 7 15 18 25 35 38 42 45 50 57 70 73 83 89 91 104 105 106 107 108 110 114 118 119 126 0 0 0 0 0 0 0 0 0 0 0 0 0 0 0 0 0 
5 12 26 30 39 41 42 45 48 67 70 72 74 75 80 89 91 104 105 115 119 120 124 0 0 0 0 0 0 0 0 0 0 0 0 0 0 0 0 0 0 0 0 
2 3 5 12 14 24 28 35 38 39 40 41 42 46 57 70 74 75 76 81 86 89 92 97 107 108 115 118 123 125 126 132 0 0 0 0 0 0 0 0 0 0 0 
5 16 18 25 39 40 60 67 72 73 74 80 81 83 86 89 91 106 115 119 125 0 0 0 0 0 0 0 0 0 0 0 0 0 0 0 0 0 0 0 0 0 0 
3 5 18 21 25 35 39 41 44 57 60 72 73 74 75 79 80 81 83 86 89 90 97 105 111 113 115 125 126 136 0 0 0 0 0 0 0 0 0 0 0 0 0 
8 21 25 42 58 61 73 74 75 78 79 81 83 92 102 104 107 108 111 112 113 118 122 124 136 0 0 0 0 0 0 0 0 0 0 0 0 0 0 0 0 0 0 
16 17 32 38 40 41 57 58 60 67 72 73 75 91 104 105 107 113 119 125 126 0 0 0 0 0 0 0 0 0 0 0 0 0 0 0 0 0 0 0 0 0 0 
8 12 25 34 42 48 54 56 57 58 61 67 68 72 73 81 83 88 91 97 104 106 107 119 122 124 126 128 0 0 0 0 0 0 0 0 0 0 0 0 0 0 0 
3 16 21 26 38 41 48 57 61 67 74 75 79 80 91 104 105 106 111 112 119 120 126 128 0 0 0 0 0 0 0 0 0 0 0 0 0 0 0 0 0 0 0 
3 21 28 35 42 45 58 61 70 79 80 86 90 104 105 107 111 122 125 126 0 0 0 0 0 0 0 0 0 0 0 0 0 0 0 0 0 0 0 0 0 0 0 
6 19 20 21 24 25 26 34 35 38 44 45 57 58 67 70 73 74 79 80 83 86 91 105 111 113 119 122 125 0 0 0 0 0 0 0 0 0 0 0 0 0 0 
3 4 12 16 18 24 25 26 28 40 41 42 46 58 66 72 73 74 80 83 86 96 104 105 106 118 125 132 0 0 0 0 0 0 0 0 0 0 0 0 0 0 0 
21 24 25 28 67 73 79 80 83 92 97 98 102 105 107 110 111 113 118 124 126 0 0 0 0 0 0 0 0 0 0 0 0 0 0 0 0 0 0 0 0 0 0 
3 6 19 22 35 38 42 54 57 58 66 68 91 97 104 106 107 119 125 126 128 130 134 0 0 0 0 0 0 0 0 0 0 0 0 0 0 0 0 0 0 0 0 
4 16 25 26 35 38 42 45 57 58 61 67 70 73 76 80 83 91 102 107 110 112 113 119 126 132 0 0 0 0 0 0 0 0 0 0 0 0 0 0 0 0 0 
3 8 12 21 32 35 40 45 57 58 61 67 70 75 79 91 97 105 106 111 113 119 126 0 0 0 0 0 0 0 0 0 0 0 0 0 0 0 0 0 0 0 0 
2 3 21 22 32 38 40 42 47 57 60 61 67 86 91 97 103 104 105 107 113 119 125 0 0 0 0 0 0 0 0 0 0 0 0 0 0 0 0 0 0 0 0 
2 8 14 21 24 25 26 28 34 40 41 42 46 47 58 66 73 74 81 83 86 103 104 106 108 122 123 125 126 132 0 0 0 0 0 0 0 0 0 0 0 0 0 
19 25 38 44 61 62 67 72 73 76 83 94 100 102 104 106 113 122 125 130 0 0 0 0 0 0 0 0 0 0 0 0 0 0 0 0 0 0 0 0 0 0 0 
3 12 21 25 40 41 42 44 45 46 73 75 77 79 83 104 105 107 111 113 114 122 126 134 0 0 0 0 0 0 0 0 0 0 0 0 0 0 0 0 0 0 0 
3 10 12 16 19 25 28 42 45 46 47 50 52 68 72 73 76 77 104 107 111 120 122 130 0 0 0 0 0 0 0 0 0 0 0 0 0 0 0 0 0 0 0 
8 22 32 38 41 42 45 47 60 61 67 70 73 74 83 97 105 107 111 113 125 0 0 0 0 0 0 0 0 0 0 0 0 0 0 0 0 0 0 0 0 0 0 
3 6 12 18 21 24 38 40 41 42 46 47 50 58 67 81 88 92 98 103 106 108 118 120 136 0 0 0 0 0 0 0 0 0 0 0 0 0 0 0 0 0 0 
4 12 14 21 34 35 38 41 44 45 61 67 72 76 79 80 81 107 111 112 123 125 132 136 0 0 0 0 0 0 0 0 0 0 0 0 0 0 0 0 0 0 0 
2 4 12 14 16 21 22 28 35 47 58 61 66 70 72 74 75 78 79 80 81 83 86 97 104 106 113 122 123 126 132 0 0 0 0 0 0 0 0 0 0 0 0 
20 40 41 44 45 54 64 67 70 75 79 83 103 105 106 122 0 0 0 0 0 0 0 0 0 0 0 0 0 0 0 0 0 0 0 0 0 0 0 0 0 0 0 
3 16 18 21 35 38 41 45 60 61 70 72 74 80 83 103 107 111 113 125 126 0 0 0 0 0 0 0 0 0 0 0 0 0 0 0 0 0 0 0 0 0 0 
26 38 41 45 47 61 70 72 75 79 81 86 103 106 107 111 113 122 125 126 0 0 0 0 0 0 0 0 0 0 0 0 0 0 0 0 0 0 0 0 0 0 0 
8 16 17 35 38 39 41 42 47 58 60 67 73 83 97 107 111 113 119 125 0 0 0 0 0 0 0 0 0 0 0 0 0 0 0 0 0 0 0 0 0 0 0 
3 4 12 16 18 21 22 26 38 44 47 54 67 76 86 102 103 105 110 112 113 119 136 0 0 0 0 0 0 0 0 0 0 0 0 0 0 0 0 0 0 0 0 
3 8 10 12 21 26 35 40 42 45 48 67 74 79 80 84 97 107 111 113 124 125 126 0 0 0 0 0 0 0 0 0 0 0 0 0 0 0 0 0 0 0 0 
3 16 20 21 34 40 42 46 47 58 66 70 72 75 79 83 88 97 98 106 110 120 126 130 0 0 0 0 0 0 0 0 0 0 0 0 0 0 0 0 0 0 0 
6 8 10 14 20 21 28 35 36 38 41 42 44 58 61 67 70 73 74 75 77 79 83 88 97 103 104 108 119 120 124 130 0 0 0 0 0 0 0 0 0 0 0 
3 22 35 38 44 45 62 72 73 76 77 83 86 102 103 106 107 111 113 119 125 126 130 0 0 0 0 0 0 0 0 0 0 0 0 0 0 0 0 0 0 0 0 
2 3 4 14 18 28 38 41 47 58 66 74 78 79 82 98 103 104 107 108 111 112 118 119 123 125 126 136 0 0 0 0 0 0 0 0 0 0 0 0 0 0 0 
12 14 35 41 44 45 47 58 67 80 81 83 86 96 105 106 107 111 112 125 126 0 0 0 0 0 0 0 0 0 0 0 0 0 0 0 0 0 0 0 0 0 0 
2 3 18 19 25 26 34 40 42 47 61 67 73 74 75 77 96 102 103 111 112 119 125 126 132 136 0 0 0 0 0 0 0 0 0 0 0 0 0 0 0 0 0 
3 6 18 19 25 26 34 35 41 45 46 50 58 61 67 70 73 74 77 78 79 80 98 107 108 114 120 0 0 0 0 0 0 0 0 0 0 0 0 0 0 0 0 
2 3 8 19 26 32 35 42 47 61 70 72 74 75 77 79 80 83 90 104 126 0 0 0 0 0 0 0 0 0 0 0 0 0 0 0 0 0 0 0 0 0 0 
10 12 16 22 26 30 40 42 67 70 79 80 83 84 103 119 120 122 126 0 0 0 0 0 0 0 0 0 0 0 0 0 0 0 0 0 0 0 0 0 0 0 0 
3 16 19 22 25 38 44 45 48 72 73 74 76 77 81 83 84 86 102 103 105 106 107 119 126 0 0 0 0 0 0 0 0 0 0 0 0 0 0 0 0 0 0 
18 19 25 26 28 38 44 45 47 58 60 61 72 79 86 90 96 97 103 106 107 113 119 122 0 0 0 0 0 0 0 0 0 0 0 0 0 0 0 0 0 0 0 
12 16 25 26 35 40 41 44 46 47 67 70 75 77 83 86 97 104 107 120 126 134 0 0 0 0 0 0 0 0 0 0 0 0 0 0 0 0 0 0 0 0 0 
2 4 8 12 14 16 18 19 26 38 40 44 45 47 67 72 73 75 77 80 82 86 92 97 98 103 106 119 124 126 136 0 0 0 0 0 0 0 0 0 0 0 0 
3 6 14 16 18 24 25 34 38 41 44 51 54 58 67 72 73 75 77 78 79 82 96 97 98 102 105 107 108 113 114 118 120 126 136 0 0 0 0 0 0 0 0 
3 8 10 30 35 41 42 47 48 51 61 73 77 79 81 83 84 105 106 112 122 126 128 0 0 0 0 0 0 0 0 0 0 0 0 0 0 0 0 0 0 0 0 
3 4 19 26 34 38 44 61 67 70 76 79 81 83 92 103 112 119 123 126 132 136 0 0 0 0 0 0 0 0 0 0 0 0 0 0 0 0 0 0 0 0 0 
3 12 19 25 26 35 42 45 61 70 72 73 74 75 77 83 86 90 103 107 113 119 122 0 0 0 0 0 0 0 0 0 0 0 0 0 0 0 0 0 0 0 0 
8 16 18 19 25 26 28 35 38 40 41 42 47 55 58 70 73 79 81 83 86 97 103 113 119 122 136 0 0 0 0 0 0 0 0 0 0 0 0 0 0 0 0 
2 4 8 16 18 24 25 26 35 38 45 47 55 61 67 70 73 81 82 86 102 105 106 110 112 118 0 0 0 0 0 0 0 0 0 0 0 0 0 0 0 0 0 
3 8 16 19 32 38 40 42 47 51 67 72 73 77 97 103 105 119 126 0 0 0 0 0 0 0 0 0 0 0 0 0 0 0 0 0 0 0 0 0 0 0 0 
12 19 25 38 44 54 58 67 68 73 76 77 79 106 107 120 122 130 0 0 0 0 0 0 0 0 0 0 0 0 0 0 0 0 0 0 0 0 0 0 0 0 0 
6 19 30 41 47 48 52 54 55 56 58 68 70 72 73 75 77 79 80 81 88 97 102 107 109 114 122 123 128 0 0 0 0 0 0 0 0 0 0 0 0 0 0 
2 3 8 12 19 22 26 35 51 55 58 60 67 75 79 90 97 103 105 107 109 113 119 122 123 0 0 0 0 0 0 0 0 0 0 0 0 0 0 0 0 0 0 
3 8 10 12 19 20 25 26 28 34 38 42 45 46 50 51 55 58 61 70 75 77 81 88 97 98 103 110 119 126 0 0 0 0 0 0 0 0 0 0 0 0 0 
2 4 12 16 19 25 26 35 38 45 46 47 51 58 61 66 70 74 75 76 79 81 86 92 97 103 105 107 119 126 0 0 0 0 0 0 0 0 0 0 0 0 0 
4 8 18 25 28 40 41 46 47 55 56 58 67 76 81 82 92 93 96 107 108 109 112 132 0 0 0 0 0 0 0 0 0 0 0 0 0 0 0 0 0 0 0 
8 10 19 28 35 38 44 46 47 50 51 52 54 67 70 81 86 93 103 104 106 107 109 119 123 0 0 0 0 0 0 0 0 0 0 0 0 0 0 0 0 0 0 
2 14 22 25 35 40 44 45 67 70 72 77 79 81 86 96 105 107 109 112 113 122 123 0 0 0 0 0 0 0 0 0 0 0 0 0 0 0 0 0 0 0 0 
3 8 35 40 42 45 47 55 60 61 70 73 75 77 79 81 86 106 107 122 126 0 0 0 0 0 0 0 0 0 0 0 0 0 0 0 0 0 0 0 0 0 0 
3 8 15 17 19 22 26 32 35 40 45 51 58 67 70 73 74 75 79 93 97 103 105 106 109 113 119 122 123 0 0 0 0 0 0 0 0 0 0 0 0 0 0 
12 14 15 19 22 25 26 28 34 35 38 40 45 46 51 54 61 70 76 77 78 80 81 86 92 93 103 106 107 119 123 132 0 0 0 0 0 0 0 0 0 0 0 
8 12 16 19 25 26 35 38 40 47 51 61 70 79 84 93 97 100 103 113 119 122 126 130 0 0 0 0 0 0 0 0 0 0 0 0 0 0 0 0 0 0 0 
6 16 19 20 24 25 38 40 41 46 47 54 55 67 75 77 86 97 105 106 109 112 123 126 134 0 0 0 0 0 0 0 0 0 0 0 0 0 0 0 0 0 0 
3 8 15 19 25 26 42 44 47 48 51 52 55 64 67 72 82 93 96 103 105 107 109 113 123 126 134 0 0 0 0 0 0 0 0 0 0 0 0 0 0 0 0 
12 15 17 35 38 39 40 41 42 55 61 67 72 77 79 97 105 106 107 109 113 119 122 123 0 0 0 0 0 0 0 0 0 0 0 0 0 0 0 0 0 0 0 
3 12 15 26 38 41 47 54 58 61 70 72 74 77 79 82 88 92 98 102 104 105 107 112 122 126 136 0 0 0 0 0 0 0 0 0 0 0 0 0 0 0 0 
3 8 14 19 34 38 44 45 51 55 61 67 72 74 79 80 81 86 93 97 102 103 109 110 112 113 119 123 126 136 0 0 0 0 0 0 0 0 0 0 0 0 0 
4 12 16 19 22 34 35 40 45 46 51 54 55 58 61 72 76 77 79 80 81 86 97 102 103 104 112 113 122 123 126 0 0 0 0 0 0 0 0 0 0 0 0 
6 15 19 20 26 38 45 47 51 55 61 76 88 103 104 106 107 108 113 120 124 130 0 0 0 0 0 0 0 0 0 0 0 0 0 0 0 0 0 0 0 0 0 
3 16 35 40 45 47 55 58 67 70 72 74 75 81 86 90 97 105 106 109 113 119 122 123 126 136 0 0 0 0 0 0 0 0 0 0 0 0 0 0 0 0 0 
8 15 16 22 35 44 45 47 51 55 58 62 67 70 76 77 81 84 86 93 100 102 103 107 109 119 123 0 0 0 0 0 0 0 0 0 0 0 0 0 0 0 0 
3 12 26 35 38 39 41 42 58 61 67 74 77 80 81 93 97 105 109 119 0 0 0 0 0 0 0 0 0 0 0 0 0 0 0 0 0 0 0 0 0 0 0 
2 12 14 18 26 38 40 41 42 44 45 47 55 58 74 75 77 80 86 93 97 106 122 123 132 0 0 0 0 0 0 0 0 0 0 0 0 0 0 0 0 0 0 
3 15 19 26 35 38 45 51 58 67 68 72 75 80 88 103 105 107 109 119 123 124 126 0 0 0 0 0 0 0 0 0 0 0 0 0 0 0 0 0 0 0 0 
3 6 8 12 15 16 18 19 24 34 35 40 41 42 50 51 56 75 77 78 80 86 88 92 93 97 103 106 107 108 110 114 120 122 136 0 0 0 0 0 0 0 0 
3 8 12 15 16 19 20 36 38 40 47 50 51 55 58 66 70 72 78 81 86 88 97 103 105 107 113 118 123 130 0 0 0 0 0 0 0 0 0 0 0 0 0 
47 48 55 58 62 67 70 72 74 86 100 106 109 113 119 0 0 0 0 0 0 0 0 0 0 0 0 0 0 0 0 0 0 0 0 0 0 0 0 0 0 0 0 
2 3 4 15 19 35 40 41 42 45 47 51 55 66 67 74 76 77 92 93 96 102 103 105 106 107 108 109 119 122 123 0 0 0 0 0 0 0 0 0 0 0 0 
16 18 26 28 35 40 41 60 61 67 70 77 93 96 105 106 109 113 119 122 123 136 0 0 0 0 0 0 0 0 0 0 0 0 0 0 0 0 0 0 0 0 0 
2 3 14 16 28 38 40 42 45 47 55 58 67 73 77 80 81 93 105 106 126 0 0 0 0 0 0 0 0 0 0 0 0 0 0 0 0 0 0 0 0 0 0 
3 14 15 19 40 41 42 44 50 51 54 56 74 80 81 82 86 88 92 98 102 103 105 107 109 113 118 119 123 0 0 0 0 0 0 0 0 0 0 0 0 0 0 
3 12 15 19 26 38 40 41 42 51 60 75 77 80 81 93 103 104 105 107 113 126 0 0 0 0 0 0 0 0 0 0 0 0 0 0 0 0 0 0 0 0 0 
3 12 15 16 19 26 30 38 45 47 48 51 55 56 61 70 80 97 103 105 107 114 123 124 0 0 0 0 0 0 0 0 0 0 0 0 0 0 0 0 0 0 0 
10 22 30 40 41 47 55 58 62 70 75 80 84 86 93 103 107 109 119 0 0 0 0 0 0 0 0 0 0 0 0 0 0 0 0 0 0 0 0 0 0 0 0 
3 15 19 42 47 51 55 58 60 61 74 75 77 81 97 109 113 119 122 0 0 0 0 0 0 0 0 0 0 0 0 0 0 0 0 0 0 0 0 0 0 0 0 
3 16 20 24 40 45 46 48 52 56 70 74 75 80 86 93 97 102 106 109 114 119 123 134 0 0 0 0 0 0 0 0 0 0 0 0 0 0 0 0 0 0 0 
8 24 26 28 35 38 40 42 45 47 55 56 58 61 66 75 77 78 81 82 86 92 93 104 105 108 110 112 113 118 126 0 0 0 0 0 0 0 0 0 0 0 0 
2 4 8 14 15 18 19 28 42 44 45 50 51 56 70 72 78 80 86 92 93 102 104 106 108 109 119 122 124 136 0 0 0 0 0 0 0 0 0 0 0 0 0 
3 6 15 16 35 38 41 51 52 54 58 61 68 72 74 77 81 88 102 105 106 113 123 124 128 0 0 0 0 0 0 0 0 0 0 0 0 0 0 0 0 0 0 
3 12 14 15 16 18 19 34 38 41 42 44 47 51 55 58 61 75 80 86 93 102 106 110 112 113 122 123 126 136 0 0 0 0 0 0 0 0 0 0 0 0 0 
8 16 22 35 41 42 45 47 55 58 70 73 97 104 105 106 109 113 119 126 0 0 0 0 0 0 0 0 0 0 0 0 0 0 0 0 0 0 0 0 0 0 0 
3 15 16 19 26 28 32 35 38 40 45 47 51 55 60 77 104 109 119 122 123 126 0 0 0 0 0 0 0 0 0 0 0 0 0 0 0 0 0 0 0 0 0 
3 4 8 12 16 24 28 42 45 46 66 75 77 86 93 96 105 109 113 118 119 122 132 0 0 0 0 0 0 0 0 0 0 0 0 0 0 0 0 0 0 0 0 
6 26 34 40 42 47 48 52 55 56 62 76 77 80 84 93 97 100 105 113 116 0 0 0 0 0 0 0 0 0 0 0 0 0 0 0 0 0 0 0 0 0 0 
8 10 12 15 16 26 45 46 51 54 68 72 74 76 77 93 104 109 113 119 120 123 124 134 0 0 0 0 0 0 0 0 0 0 0 0 0 0 0 0 0 0 0 
8 12 15 16 22 38 41 42 44 51 52 61 66 68 70 72 76 77 81 86 106 119 120 123 126 134 0 0 0 0 0 0 0 0 0 0 0 0 0 0 0 0 0 
3 15 16 17 19 26 32 35 40 41 42 47 51 55 58 86 93 104 106 113 119 123 126 0 0 0 0 0 0 0 0 0 0 0 0 0 0 0 0 0 0 0 0 
6 18 34 36 38 41 45 46 47 55 58 72 78 80 81 98 106 108 109 113 119 122 0 0 0 0 0 0 0 0 0 0 0 0 0 0 0 0 0 0 0 0 0 
15 16 19 22 35 40 44 46 47 51 54 55 66 72 74 77 80 97 104 109 112 113 119 132 136 0 0 0 0 0 0 0 0 0 0 0 0 0 0 0 0 0 0 
8 38 39 40 47 54 66 72 75 76 77 80 92 93 97 106 109 118 119 122 123 126 0 0 0 0 0 0 0 0 0 0 0 0 0 0 0 0 0 0 0 0 0 
12 38 39 42 44 46 55 61 72 74 81 93 104 105 113 114 123 134 0 0 0 0 0 0 0 0 0 0 0 0 0 0 0 0 0 0 0 0 0 0 0 0 0 
8 15 16 18 19 28 38 41 51 60 70 72 80 86 93 96 105 106 109 112 136 0 0 0 0 0 0 0 0 0 0 0 0 0 0 0 0 0 0 0 0 0 0 
3 15 16 19 38 39 41 51 70 72 77 105 123 0 0 0 0 0 0 0 0 0 0 0 0 0 0 0 0 0 0 0 0 0 0 0 0 0 0 0 0 0 0 
15 16 17 19 22 35 38 39 40 42 45 51 55 58 74 80 93 105 106 123 126 0 0 0 0 0 0 0 0 0 0 0 0 0 0 0 0 0 0 0 0 0 0 
3 4 12 14 34 35 39 41 44 45 55 58 72 75 76 86 106 109 113 126 132 136 0 0 0 0 0 0 0 0 0 0 0 0 0 0 0 0 0 0 0 0 0 
3 15 19 26 30 38 39 40 41 42 48 51 55 58 74 77 80 86 109 120 124 0 0 0 0 0 0 0 0 0 0 0 0 0 0 0 0 0 0 0 0 0 0 
12 14 20 34 35 36 38 40 41 46 50 58 77 81 86 88 93 98 102 105 109 110 120 130 0 0 0 0 0 0 0 0 0 0 0 0 0 0 0 0 0 0 0 
3 10 14 20 26 28 34 36 39 44 45 46 55 58 64 74 76 81 86 93 97 104 112 113 134 0 0 0 0 0 0 0 0 0 0 0 0 0 0 0 0 0 0 
8 15 40 42 44 51 58 61 70 84 93 94 97 104 109 116 130 0 0 0 0 0 0 0 0 0 0 0 0 0 0 0 0 0 0 0 0 0 0 0 0 0 0 
3 14 15 19 26 35 40 41 42 51 58 66 70 74 77 78 81 92 104 108 112 118 124 126 136 0 0 0 0 0 0 0 0 0 0 0 0 0 0 0 0 0 0 
2 3 8 14 15 19 22 26 34 35 38 39 41 51 55 81 93 97 122 136 0 0 0 0 0 0 0 0 0 0 0 0 0 0 0 0 0 0 0 0 0 0 0 
3 8 16 18 19 22 26 39 44 45 51 54 55 72 74 75 80 81 86 96 97 104 105 109 110 113 132 136 0 0 0 0 0 0 0 0 0 0 0 0 0 0 0 
3 15 16 34 38 39 41 46 55 70 72 77 78 97 98 109 110 118 120 0 0 0 0 0 0 0 0 0 0 0 0 0 0 0 0 0 0 0 0 0 0 0 0 
8 19 26 28 40 42 61 74 77 80 86 90 93 104 105 106 109 122 0 0 0 0 0 0 0 0 0 0 0 0 0 0 0 0 0 0 0 0 0 0 0 0 0 
3 16 22 26 39 40 41 42 55 62 77 80 81 93 105 106 120 0 0 0 0 0 0 0 0 0 0 0 0 0 0 0 0 0 0 0 0 0 0 0 0 0 0 
15 22 58 74 77 81 93 94 100 104 106 109 0 0 0 0 0 0 0 0 0 0 0 0 0 0 0 0 0 0 0 0 0 0 0 0 0 0 0 0 0 0 0 
15 16 19 28 42 45 58 96 97 106 122 136 0 0 0 0 0 0 0 0 0 0 0 0 0 0 0 0 0 0 0 0 0 0 0 0 0 0 0 0 0 0 0 
15 22 26 39 42 46 54 55 58 68 74 76 77 80 81 86 93 97 104 105 130 134 0 0 0 0 0 0 0 0 0 0 0 0 0 0 0 0 0 0 0 0 0 
3 8 14 19 24 34 39 40 44 45 50 54 55 56 72 74 78 82 98 102 104 105 109 112 126 136 0 0 0 0 0 0 0 0 0 0 0 0 0 0 0 0 0 
3 12 15 16 24 26 34 39 55 58 70 72 74 75 78 81 86 88 91 92 96 97 109 110 113 114 118 126 136 0 0 0 0 0 0 0 0 0 0 0 0 0 0 
10 16 19 26 30 38 40 41 42 45 58 70 72 74 75 80 84 86 91 93 106 109 113 120 0 0 0 0 0 0 0 0 0 0 0 0 0 0 0 0 0 0 0 
2 8 14 28 38 39 42 46 54 55 58 66 70 72 80 93 104 105 113 122 123 126 132 0 0 0 0 0 0 0 0 0 0 0 0 0 0 0 0 0 0 0 0 
8 12 15 16 26 28 35 40 42 60 74 81 86 90 93 104 105 109 0 0 0 0 0 0 0 0 0 0 0 0 0 0 0 0 0 0 0 0 0 0 0 0 0 
12 15 16 19 28 35 41 44 45 58 70 74 86 90 91 93 97 107 122 0 0 0 0 0 0 0 0 0 0 0 0 0 0 0 0 0 0 0 0 0 0 0 0 
2 4 8 15 18 19 26 28 38 39 41 42 55 70 74 75 80 82 91 92 98 106 107 112 122 124 126 0 0 0 0 0 0 0 0 0 0 0 0 0 0 0 0 
3 8 12 19 22 26 32 35 38 39 42 45 55 58 60 61 70 73 91 97 109 126 0 0 0 0 0 0 0 0 0 0 0 0 0 0 0 0 0 0 0 0 0 
3 6 12 15 16 19 26 30 34 35 39 40 52 55 61 68 70 88 97 102 109 113 114 126 0 0 0 0 0 0 0 0 0 0 0 0 0 0 0 0 0 0 0 
8 12 15 19 26 30 35 38 41 45 55 72 80 81 86 91 97 106 107 109 112 124 126 128 0 0 0 0 0 0 0 0 0 0 0 0 0 0 0 0 0 0 0 
3 12 15 26 32 39 40 42 61 80 81 90 107 113 122 126 0 0 0 0 0 0 0 0 0 0 0 0 0 0 0 0 0 0 0 0 0 0 0 0 0 0 0 
12 15 20 24 34 35 44 58 64 70 74 105 107 108 109 0 0 0 0 0 0 0 0 0 0 0 0 0 0 0 0 0 0 0 0 0 0 0 0 0 0 0 0 
2 4 15 19 24 26 38 42 56 70 72 80 81 82 91 96 97 102 104 106 112 113 118 126 0 0 0 0 0 0 0 0 0 0 0 0 0 0 0 0 0 0 0 
12 14 15 16 18 19 24 35 39 41 42 45 58 66 70 76 80 81 86 91 97 98 102 105 107 108 113 123 126 136 0 0 0 0 0 0 0 0 0 0 0 0 0 
16 26 38 39 40 41 42 44 54 68 76 80 81 86 91 105 109 120 126 130 0 0 0 0 0 0 0 0 0 0 0 0 0 0 0 0 0 0 0 0 0 0 0 
2 3 12 16 22 35 39 42 54 58 70 72 74 80 81 102 104 109 122 136 0 0 0 0 0 0 0 0 0 0 0 0 0 0 0 0 0 0 0 0 0 0 0 
12 16 17 19 22 35 41 60 61 70 73 74 81 86 91 97 106 107 109 113 0 0 0 0 0 0 0 0 0 0 0 0 0 0 0 0 0 0 0 0 0 0 0 
3 8 16 22 26 32 35 39 40 41 58 60 61 80 81 104 105 107 122 126 0 0 0 0 0 0 0 0 0 0 0 0 0 0 0 0 0 0 0 0 0 0 0 
2 4 8 34 38 42 46 54 61 66 70 73 75 76 80 81 92 104 105 106 107 109 113 122 0 0 0 0 0 0 0 0 0 0 0 0 0 0 0 0 0 0 0 
22 26 38 41 44 45 61 62 76 81 91 102 105 106 130 0 0 0 0 0 0 0 0 0 0 0 0 0 0 0 0 0 0 0 0 0 0 0 0 0 0 0 0 
3 12 16 19 20 24 26 35 39 56 64 74 77 82 91 96 97 102 104 105 106 107 113 134 0 0 0 0 0 0 0 0 0 0 0 0 0 0 0 0 0 0 0 
12 16 28 35 39 42 45 48 50 64 68 73 76 77 82 86 91 96 106 109 113 114 123 124 0 0 0 0 0 0 0 0 0 0 0 0 0 0 0 0 0 0 0 
8 12 39 42 45 58 60 70 72 86 97 105 109 123 126 0 0 0 0 0 0 0 0 0 0 0 0 0 0 0 0 0 0 0 0 0 0 0 0 0 0 0 0 
6 12 18 19 24 35 40 41 50 56 70 72 73 78 81 82 86 91 96 98 102 107 108 109 112 113 114 120 122 126 0 0 0 0 0 0 0 0 0 0 0 0 0 
3 16 18 22 26 34 39 45 46 54 61 72 74 75 104 105 106 107 110 112 122 126 132 0 0 0 0 0 0 0 0 0 0 0 0 0 0 0 0 0 0 0 0 
3 4 8 22 28 35 38 44 46 54 58 61 66 73 74 78 81 102 107 109 112 122 123 136 0 0 0 0 0 0 0 0 0 0 0 0 0 0 0 0 0 0 0 
3 10 12 14 16 28 36 38 40 44 45 58 61 72 76 80 86 91 105 113 123 0 0 0 0 0 0 0 0 0 0 0 0 0 0 0 0 0 0 0 0 0 0 
18 19 26 28 38 39 40 44 45 58 60 61 74 80 81 90 91 96 97 107 123 126 0 0 0 0 0 0 0 0 0 0 0 0 0 0 0 0 0 0 0 0 0 
3 12 17 19 38 42 45 58 61 70 73 80 91 97 105 109 113 0 0 0 0 0 0 0 0 0 0 0 0 0 0 0 0 0 0 0 0 0 0 0 0 0 0 
8 12 17 32 42 45 61 70 73 80 81 97 109 123 126 0 0 0 0 0 0 0 0 0 0 0 0 0 0 0 0 0 0 0 0 0 0 0 0 0 0 0 0 
14 19 34 35 44 73 80 81 91 96 97 102 106 107 109 112 113 122 126 136 0 0 0 0 0 0 0 0 0 0 0 0 0 0 0 0 0 0 0 0 0 0 0 
3 30 35 39 42 48 56 58 61 68 74 80 88 107 113 114 126 0 0 0 0 0 0 0 0 0 0 0 0 0 0 0 0 0 0 0 0 0 0 0 0 0 0 
3 6 18 26 38 42 50 58 73 105 106 107 108 109 110 118 120 122 123 126 0 0 0 0 0 0 0 0 0 0 0 0 0 0 0 0 0 0 0 0 0 0 0 
3 6 8 10 12 14 19 26 28 34 40 42 45 46 50 58 61 66 72 76 80 86 97 98 102 104 106 107 108 110 120 123 124 130 0 0 0 0 0 0 0 0 0 
12 22 35 38 39 40 41 42 44 45 62 76 84 97 100 102 123 0 0 0 0 0 0 0 0 0 0 0 0 0 0 0 0 0 0 0 0 0 0 0 0 0 0 
2 3 4 8 12 16 18 19 24 38 39 41 56 58 61 70 72 73 75 82 91 102 106 109 110 112 118 126 0 0 0 0 0 0 0 0 0 0 0 0 0 0 0 
2 12 16 18 39 41 44 60 70 72 80 97 105 106 109 123 126 136 0 0 0 0 0 0 0 0 0 0 0 0 0 0 0 0 0 0 0 0 0 0 0 0 0 
3 12 18 19 34 35 41 42 45 58 61 75 80 81 97 105 109 112 113 122 132 0 0 0 0 0 0 0 0 0 0 0 0 0 0 0 0 0 0 0 0 0 0 
3 6 12 16 18 24 26 34 35 38 39 42 50 56 70 72 78 81 88 91 92 96 97 106 108 114 120 122 123 136 0 0 0 0 0 0 0 0 0 0 0 0 0 
3 12 16 22 41 60 91 97 106 109 123 0 0 0 0 0 0 0 0 0 0 0 0 0 0 0 0 0 0 0 0 0 0 0 0 0 0 0 0 0 0 0 0 
3 8 12 19 30 35 41 42 45 48 61 62 70 72 74 80 81 91 97 105 106 123 124 126 0 0 0 0 0 0 0 0 0 0 0 0 0 0 0 0 0 0 0 
19 39 40 41 42 48 61 62 80 81 84 105 130 0 0 0 0 0 0 0 0 0 0 0 0 0 0 0 0 0 0 0 0 0 0 0 0 0 0 0 0 0 0 
3 16 18 19 28 38 39 45 60 73 74 75 80 81 91 106 109 122 123 126 136 0 0 0 0 0 0 0 0 0 0 0 0 0 0 0 0 0 0 0 0 0 0 
10 28 39 40 44 46 50 52 54 56 70 73 75 77 80 81 104 106 109 0 0 0 0 0 0 0 0 0 0 0 0 0 0 0 0 0 0 0 0 0 0 0 0 
3 12 14 19 28 42 50 56 58 66 72 73 80 81 82 86 92 98 102 109 112 118 122 124 136 0 0 0 0 0 0 0 0 0 0 0 0 0 0 0 0 0 0 
3 8 14 16 24 26 34 35 38 39 40 41 44 50 54 56 74 80 91 104 106 108 112 113 118 123 126 136 0 0 0 0 0 0 0 0 0 0 0 0 0 0 0 
3 8 26 30 35 38 42 48 56 70 73 74 91 97 109 114 123 124 0 0 0 0 0 0 0 0 0 0 0 0 0 0 0 0 0 0 0 0 0 0 0 0 0 
8 12 19 22 28 34 35 41 46 54 61 70 72 75 76 78 91 106 113 126 132 0 0 0 0 0 0 0 0 0 0 0 0 0 0 0 0 0 0 0 0 0 0 
12 16 19 26 32 39 40 41 60 61 70 74 75 106 122 0 0 0 0 0 0 0 0 0 0 0 0 0 0 0 0 0 0 0 0 0 0 0 0 0 0 0 0 
3 8 12 19 39 45 58 60 61 70 73 74 75 90 91 106 109 123 126 136 0 0 0 0 0 0 0 0 0 0 0 0 0 0 0 0 0 0 0 0 0 0 0 
18 24 26 35 39 45 56 66 70 72 73 74 75 76 82 92 108 109 112 118 122 123 126 0 0 0 0 0 0 0 0 0 0 0 0 0 0 0 0 0 0 0 0 
12 17 19 26 38 39 41 42 73 80 81 109 0 0 0 0 0 0 0 0 0 0 0 0 0 0 0 0 0 0 0 0 0 0 0 0 0 0 0 0 0 0 0 
19 26 35 38 39 41 42 45 46 52 61 66 68 75 76 77 86 91 104 105 106 123 0 0 0 0 0 0 0 0 0 0 0 0 0 0 0 0 0 0 0 0 0 
22 30 34 35 45 52 61 66 68 73 81 88 91 109 113 114 128 130 134 0 0 0 0 0 0 0 0 0 0 0 0 0 0 0 0 0 0 0 0 0 0 0 0 
8 12 19 22 58 70 72 73 80 91 104 106 113 126 0 0 0 0 0 0 0 0 0 0 0 0 0 0 0 0 0 0 0 0 0 0 0 0 0 0 0 0 0 
6 8 16 19 20 28 38 39 41 45 50 61 66 74 75 76 88 104 105 106 108 120 130 0 0 0 0 0 0 0 0 0 0 0 0 0 0 0 0 0 0 0 0 
4 8 12 14 16 19 26 28 35 38 39 41 42 61 66 70 72 73 74 75 80 91 97 104 109 113 118 122 132 0 0 0 0 0 0 0 0 0 0 0 0 0 0 
2 19 28 34 39 40 42 56 58 70 72 73 76 80 82 92 96 105 108 109 112 118 132 0 0 0 0 0 0 0 0 0 0 0 0 0 0 0 0 0 0 0 0 
12 38 46 48 52 61 64 73 82 96 97 104 109 113 114 123 0 0 0 0 0 0 0 0 0 0 0 0 0 0 0 0 0 0 0 0 0 0 0 0 0 0 0 
2 12 14 18 39 41 42 44 45 58 75 91 97 106 113 122 132 0 0 0 0 0 0 0 0 0 0 0 0 0 0 0 0 0 0 0 0 0 0 0 0 0 0 
3 8 12 16 17 26 32 35 38 40 42 61 70 73 91 105 106 109 123 126 0 0 0 0 0 0 0 0 0 0 0 0 0 0 0 0 0 0 0 0 0 0 0 
12 16 17 26 32 38 58 60 70 72 74 80 86 91 105 106 0 0 0 0 0 0 0 0 0 0 0 0 0 0 0 0 0 0 0 0 0 0 0 0 0 0 0 
3 8 12 14 22 26 35 39 42 44 45 46 54 58 70 72 74 75 80 81 102 104 112 123 132 136 0 0 0 0 0 0 0 0 0 0 0 0 0 0 0 0 0 
3 16 22 30 39 41 48 58 61 62 70 72 73 74 75 91 97 106 109 123 124 0 0 0 0 0 0 0 0 0 0 0 0 0 0 0 0 0 0 0 0 0 0 
6 10 14 20 28 36 39 42 54 58 70 72 73 75 76 86 104 105 106 108 109 113 123 0 0 0 0 0 0 0 0 0 0 0 0 0 0 0 0 0 0 0 0 
12 16 20 34 38 40 41 42 44 45 46 48 52 73 75 80 81 82 96 104 109 112 113 123 0 0 0 0 0 0 0 0 0 0 0 0 0 0 0 0 0 0 0 
16 26 35 38 40 80 81 91 0 0 0 0 0 0 0 0 0 0 0 0 0 0 0 0 0 0 0 0 0 0 0 0 0 0 0 0 0 0 0 0 0 0 0 
14 41 42 44 45 50 56 58 61 72 73 80 82 86 91 92 97 98 105 109 113 118 123 124 0 0 0 0 0 0 0 0 0 0 0 0 0 0 0 0 0 0 0 
2 14 16 18 34 61 72 74 81 91 96 97 105 106 112 126 132 136 0 0 0 0 0 0 0 0 0 0 0 0 0 0 0 0 0 0 0 0 0 0 0 0 0 
4 8 12 14 18 39 41 45 46 58 61 74 76 81 91 97 105 110 112 113 122 132 0 0 0 0 0 0 0 0 0 0 0 0 0 0 0 0 0 0 0 0 0 
3 12 20 26 34 36 39 45 46 50 58 61 66 70 73 74 80 88 97 98 109 110 120 123 130 0 0 0 0 0 0 0 0 0 0 0 0 0 0 0 0 0 0 
3 8 26 35 39 40 42 58 60 61 73 74 80 81 106 109 122 123 0 0 0 0 0 0 0 0 0 0 0 0 0 0 0 0 0 0 0 0 0 0 0 0 0 
3 12 22 38 42 58 70 73 80 84 94 104 105 109 123 130 0 0 0 0 0 0 0 0 0 0 0 0 0 0 0 0 0 0 0 0 0 0 0 0 0 0 0 
6 8 12 18 44 61 96 102 108 114 120 122 136 0 0 0 0 0 0 0 0 0 0 0 0 0 0 0 0 0 0 0 0 0 0 0 0 0 0 0 0 0 0 
7 15 16 17 26 35 39 58 70 86 91 93 107 0 0 0 0 0 0 0 0 0 0 0 0 0 0 0 0 0 0 0 0 0 0 0 0 0 0 0 0 0 0 
8 12 14 18 19 34 40 41 44 48 52 56 61 96 102 105 108 114 120 122 136 0 0 0 0 0 0 0 0 0 0 0 0 0 0 0 0 0 0 0 0 0 0 
7 15 16 25 35 39 49 51 58 74 86 99 111 0 0 0 0 0 0 0 0 0 0 0 0 0 0 0 0 0 0 0 0 0 0 0 0 0 0 0 0 0 0 
6 17 19 34 40 41 48 52 56 70 102 0 0 0 0 0 0 0 0 0 0 0 0 0 0 0 0 0 0 0 0 0 0 0 0 0 0 0 0 0 0 0 0 
3 8 16 17 25 28 38 49 51 61 71 83 86 91 93 111 113 123 127 0 0 0 0 0 0 0 0 0 0 0 0 0 0 0 0 0 0 0 0 0 0 0 0 
3 17 41 61 70 112 123 0 0 0 0 0 0 0 0 0 0 0 0 0 0 0 0 0 0 0 0 0 0 0 0 0 0 0 0 0 0 0 0 0 0 0 0 
3 8 16 28 61 70 71 74 83 93 99 123 127 0 0 0 0 0 0 0 0 0 0 0 0 0 0 0 0 0 0 0 0 0 0 0 0 0 0 0 0 0 0 
3 16 20 35 66 78 80 88 97 105 112 113 118 123 126 130 0 0 0 0 0 0 0 0 0 0 0 0 0 0 0 0 0 0 0 0 0 0 0 0 0 0 0 
15 25 26 47 57 61 65 70 75 77 79 99 103 104 105 111 113 122 126 0 0 0 0 0 0 0 0 0 0 0 0 0 0 0 0 0 0 0 0 0 0 0 0 
16 20 22 35 41 61 66 78 80 88 97 118 130 0 0 0 0 0 0 0 0 0 0 0 0 0 0 0 0 0 0 0 0 0 0 0 0 0 0 0 0 0 0 
15 17 23 25 27 38 47 57 61 65 70 72 77 97 99 103 104 106 107 111 121 122 0 0 0 0 0 0 0 0 0 0 0 0 0 0 0 0 0 0 0 0 0 
22 32 113 126 0 0 0 0 0 0 0 0 0 0 0 0 0 0 0 0 0 0 0 0 0 0 0 0 0 0 0 0 0 0 0 0 0 0 0 0 0 0 0 
17 23 26 27 33 73 75 79 86 97 106 117 121 126 0 0 0 0 0 0 0 0 0 0 0 0 0 0 0 0 0 0 0 0 0 0 0 0 0 0 0 0 0 
32 34 54 61 104 0 0 0 0 0 0 0 0 0 0 0 0 0 0 0 0 0 0 0 0 0 0 0 0 0 0 0 0 0 0 0 0 0 0 0 0 0 0 
15 33 38 55 72 73 107 117 0 0 0 0 0 0 0 0 0 0 0 0 0 0 0 0 0 0 0 0 0 0 0 0 0 0 0 0 0 0 0 0 0 0 0 
3 6 10 14 16 20 24 26 28 34 36 42 44 46 61 76 77 86 104 106 112 113 134 0 0 0 0 0 0 0 0 0 0 0 0 0 0 0 0 0 0 0 0 
1 5 8 11 15 17 21 31 35 40 41 58 61 65 70 73 83 99 105 119 131 0 0 0 0 0 0 0 0 0 0 0 0 0 0 0 0 0 0 0 0 0 0 
3 6 10 14 16 20 24 26 28 36 42 44 46 54 76 77 106 112 113 134 0 0 0 0 0 0 0 0 0 0 0 0 0 0 0 0 0 0 0 0 0 0 0 
1 5 11 17 21 31 40 41 45 55 58 61 65 70 73 74 87 99 119 131 0 0 0 0 0 0 0 0 0 0 0 0 0 0 0 0 0 0 0 0 0 0 0 
86 96 126 0 0 0 0 0 0 0 0 0 0 0 0 0 0 0 0 0 0 0 0 0 0 0 0 0 0 0 0 0 0 0 0 0 0 0 0 0 0 0 0 
8 35 45 74 83 86 87 97 0 0 0 0 0 0 0 0 0 0 0 0 0 0 0 0 0 0 0 0 0 0 0 0 0 0 0 0 0 0 0 0 0 0 0 
8 12 16 18 26 28 41 61 76 78 96 104 110 122 126 0 0 0 0 0 0 0 0 0 0 0 0 0 0 0 0 0 0 0 0 0 0 0 0 0 0 0 0 
97 119 0 0 0 0 0 0 0 0 0 0 0 0 0 0 0 0 0 0 0 0 0 0 0 0 0 0 0 0 0 0 0 0 0 0 0 0 0 0 0 0 0 
8 10 12 18 19 28 41 45 48 52 54 64 68 77 78 82 86 96 104 110 114 120 122 124 134 0 0 0 0 0 0 0 0 0 0 0 0 0 0 0 0 0 0 
11 15 19 21 37 42 43 51 65 67 72 74 79 93 107 111 115 121 0 0 0 0 0 0 0 0 0 0 0 0 0 0 0 0 0 0 0 0 0 0 0 0 0 
8 10 16 19 26 45 48 52 54 61 64 68 76 77 82 86 96 114 120 124 134 0 0 0 0 0 0 0 0 0 0 0 0 0 0 0 0 0 0 0 0 0 0 
11 15 19 21 23 26 37 38 42 43 51 58 65 67 79 93 95 97 105 111 115 126 0 0 0 0 0 0 0 0 0 0 0 0 0 0 0 0 0 0 0 0 0 
3 8 22 26 34 35 61 73 96 123 126 0 0 0 0 0 0 0 0 0 0 0 0 0 0 0 0 0 0 0 0 0 0 0 0 0 0 0 0 0 0 0 0 
15 23 26 38 58 72 74 95 97 107 119 121 126 0 0 0 0 0 0 0 0 0 0 0 0 0 0 0 0 0 0 0 0 0 0 0 0 0 0 0 0 0 0 
3 22 24 26 35 40 54 72 73 81 96 108 123 126 0 0 0 0 0 0 0 0 0 0 0 0 0 0 0 0 0 0 0 0 0 0 0 0 0 0 0 0 0 
15 25 105 119 126 0 0 0 0 0 0 0 0 0 0 0 0 0 0 0 0 0 0 0 0 0 0 0 0 0 0 0 0 0 0 0 0 0 0 0 0 0 0 
6 16 19 22 24 30 35 41 66 68 72 86 88 97 102 106 108 113 114 126 130 134 0 0 0 0 0 0 0 0 0 0 0 0 0 0 0 0 0 0 0 0 0 
1 7 23 25 28 32 37 41 43 45 47 49 57 61 69 86 89 93 113 119 122 125 126 129 0 0 0 0 0 0 0 0 0 0 0 0 0 0 0 0 0 0 0 
6 16 19 22 30 34 35 41 54 61 66 68 80 81 86 88 97 102 106 113 114 126 130 134 0 0 0 0 0 0 0 0 0 0 0 0 0 0 0 0 0 0 0 
1 7 23 28 32 37 43 45 47 49 57 69 86 89 93 113 122 125 129 0 0 0 0 0 0 0 0 0 0 0 0 0 0 0 0 0 0 0 0 0 0 0 0 
14 40 46 72 80 81 102 0 0 0 0 0 0 0 0 0 0 0 0 0 0 0 0 0 0 0 0 0 0 0 0 0 0 0 0 0 0 0 0 0 0 0 0 
39 41 47 61 72 81 86 119 123 0 0 0 0 0 0 0 0 0 0 0 0 0 0 0 0 0 0 0 0 0 0 0 0 0 0 0 0 0 0 0 0 0 0 
14 46 56 72 81 102 0 0 0 0 0 0 0 0 0 0 0 0 0 0 0 0 0 0 0 0 0 0 0 0 0 0 0 0 0 0 0 0 0 0 0 0 0 
12 19 21 26 35 38 39 40 47 70 72 73 77 81 119 122 123 0 0 0 0 0 0 0 0 0 0 0 0 0 0 0 0 0 0 0 0 0 0 0 0 0 0 
8 30 62 74 112 113 114 124 128 0 0 0 0 0 0 0 0 0 0 0 0 0 0 0 0 0 0 0 0 0 0 0 0 0 0 0 0 0 0 0 0 0 0 
2 12 19 21 23 26 40 43 53 59 63 65 69 70 72 73 77 79 80 86 87 93 122 123 125 0 0 0 0 0 0 0 0 0 0 0 0 0 0 0 0 0 0 
8 30 56 62 72 74 81 112 113 114 124 128 0 0 0 0 0 0 0 0 0 0 0 0 0 0 0 0 0 0 0 0 0 0 0 0 0 0 0 0 0 0 0 
2 23 35 38 43 53 59 63 65 69 72 73 79 80 87 93 123 125 0 0 0 0 0 0 0 0 0 0 0 0 0 0 0 0 0 0 0 0 0 0 0 0 0 
8 16 72 78 81 118 0 0 0 0 0 0 0 0 0 0 0 0 0 0 0 0 0 0 0 0 0 0 0 0 0 0 0 0 0 0 0 0 0 0 0 0 0 
15 38 55 73 74 79 93 105 106 107 122 0 0 0 0 0 0 0 0 0 0 0 0 0 0 0 0 0 0 0 0 0 0 0 0 0 0 0 0 0 0 0 0 
3 16 40 54 58 78 88 102 118 124 0 0 0 0 0 0 0 0 0 0 0 0 0 0 0 0 0 0 0 0 0 0 0 0 0 0 0 0 0 0 0 0 0 
7 55 67 74 79 89 93 106 107 122 126 0 0 0 0 0 0 0 0 0 0 0 0 0 0 0 0 0 0 0 0 0 0 0 0 0 0 0 0 0 0 0 0 
3 8 48 54 58 75 80 88 94 102 104 106 120 124 0 0 0 0 0 0 0 0 0 0 0 0 0 0 0 0 0 0 0 0 0 0 0 0 0 0 0 0 0 
2 9 15 16 38 41 45 51 53 61 67 72 73 74 85 87 89 91 95 97 101 103 105 111 121 123 126 129 0 0 0 0 0 0 0 0 0 0 0 0 0 0 0 
40 48 75 94 106 120 0 0 0 0 0 0 0 0 0 0 0 0 0 0 0 0 0 0 0 0 0 0 0 0 0 0 0 0 0 0 0 0 0 0 0 0 0 
2 3 7 9 16 45 51 53 72 73 74 85 87 91 95 97 101 103 105 111 121 129 0 0 0 0 0 0 0 0 0 0 0 0 0 0 0 0 0 0 0 0 0 
2 14 24 26 40 41 46 56 72 78 80 82 86 96 97 98 104 106 108 112 123 132 136 0 0 0 0 0 0 0 0 0 0 0 0 0 0 0 0 0 0 0 0 
3 25 41 61 75 105 111 123 125 0 0 0 0 0 0 0 0 0 0 0 0 0 0 0 0 0 0 0 0 0 0 0 0 0 0 0 0 0 0 0 0 0 0 
2 14 24 26 40 41 45 46 78 82 86 96 97 98 106 108 112 113 114 120 123 132 136 0 0 0 0 0 0 0 0 0 0 0 0 0 0 0 0 0 0 0 0 
2 25 39 75 111 121 125 0 0 0 0 0 0 0 0 0 0 0 0 0 0 0 0 0 0 0 0 0 0 0 0 0 0 0 0 0 0 0 0 0 0 0 0 
32 45 56 72 113 114 120 126 0 0 0 0 0 0 0 0 0 0 0 0 0 0 0 0 0 0 0 0 0 0 0 0 0 0 0 0 0 0 0 0 0 0 0 
2 8 23 27 28 32 37 42 51 53 73 95 97 106 119 121 125 127 0 0 0 0 0 0 0 0 0 0 0 0 0 0 0 0 0 0 0 0 0 0 0 0 0 
2 22 32 41 61 113 0 0 0 0 0 0 0 0 0 0 0 0 0 0 0 0 0 0 0 0 0 0 0 0 0 0 0 0 0 0 0 0 0 0 0 0 0 
3 8 23 26 27 28 32 37 39 42 51 53 73 95 97 106 113 119 123 125 127 0 0 0 0 0 0 0 0 0 0 0 0 0 0 0 0 0 0 0 0 0 0 
4 14 18 22 26 42 44 61 74 104 105 112 113 126 0 0 0 0 0 0 0 0 0 0 0 0 0 0 0 0 0 0 0 0 0 0 0 0 0 0 0 0 0 
5 12 21 26 39 57 74 79 89 111 113 115 123 0 0 0 0 0 0 0 0 0 0 0 0 0 0 0 0 0 0 0 0 0 0 0 0 0 0 0 0 0 0 
2 4 14 18 19 26 35 42 76 102 104 105 112 113 120 130 0 0 0 0 0 0 0 0 0 0 0 0 0 0 0 0 0 0 0 0 0 0 0 0 0 0 0 
3 5 12 17 21 35 39 57 61 65 72 79 89 111 115 0 0 0 0 0 0 0 0 0 0 0 0 0 0 0 0 0 0 0 0 0 0 0 0 0 0 0 0 
12 19 35 41 44 73 74 76 102 113 120 130 0 0 0 0 0 0 0 0 0 0 0 0 0 0 0 0 0 0 0 0 0 0 0 0 0 0 0 0 0 0 0 
9 13 16 35 61 65 70 72 74 75 79 83 91 93 106 127 133 0 0 0 0 0 0 0 0 0 0 0 0 0 0 0 0 0 0 0 0 0 0 0 0 0 0 
8 12 18 73 104 0 0 0 0 0 0 0 0 0 0 0 0 0 0 0 0 0 0 0 0 0 0 0 0 0 0 0 0 0 0 0 0 0 0 0 0 0 0 
9 13 16 17 19 70 75 79 83 91 93 106 127 133 0 0 0 0 0 0 0 0 0 0 0 0 0 0 0 0 0 0 0 0 0 0 0 0 0 0 0 0 0 
8 18 24 26 36 45 46 50 88 92 98 104 110 136 0 0 0 0 0 0 0 0 0 0 0 0 0 0 0 0 0 0 0 0 0 0 0 0 0 0 0 0 0 
2 5 17 19 25 31 35 38 39 42 47 73 75 81 104 113 122 0 0 0 0 0 0 0 0 0 0 0 0 0 0 0 0 0 0 0 0 0 0 0 0 0 0 
24 36 45 46 50 88 92 98 110 136 0 0 0 0 0 0 0 0 0 0 0 0 0 0 0 0 0 0 0 0 0 0 0 0 0 0 0 0 0 0 0 0 0 
2 5 17 26 27 31 32 35 40 42 47 51 73 75 80 81 85 97 107 113 119 122 125 0 0 0 0 0 0 0 0 0 0 0 0 0 0 0 0 0 0 0 0 
2 16 26 28 38 58 61 72 73 90 97 122 0 0 0 0 0 0 0 0 0 0 0 0 0 0 0 0 0 0 0 0 0 0 0 0 0 0 0 0 0 0 0 
9 16 25 26 27 29 32 35 39 40 51 80 85 119 123 125 0 0 0 0 0 0 0 0 0 0 0 0 0 0 0 0 0 0 0 0 0 0 0 0 0 0 0 
2 12 14 16 38 44 58 72 73 90 97 112 113 136 0 0 0 0 0 0 0 0 0 0 0 0 0 0 0 0 0 0 0 0 0 0 0 0 0 0 0 0 0 
9 16 29 38 97 104 107 123 0 0 0 0 0 0 0 0 0 0 0 0 0 0 0 0 0 0 0 0 0 0 0 0 0 0 0 0 0 0 0 0 0 0 0 
12 19 24 28 36 44 46 50 64 70 76 80 88 98 108 110 112 122 136 0 0 0 0 0 0 0 0 0 0 0 0 0 0 0 0 0 0 0 0 0 0 0 0 
1 5 7 12 15 21 25 31 35 39 40 45 57 61 72 79 81 99 121 122 0 0 0 0 0 0 0 0 0 0 0 0 0 0 0 0 0 0 0 0 0 0 0 
14 16 19 24 35 36 42 46 50 61 64 76 80 88 98 108 110 113 0 0 0 0 0 0 0 0 0 0 0 0 0 0 0 0 0 0 0 0 0 0 0 0 0 
1 5 7 8 12 15 21 25 26 31 37 38 39 40 45 57 61 72 74 79 83 86 93 106 121 122 0 0 0 0 0 0 0 0 0 0 0 0 0 0 0 0 0 
16 35 42 44 70 96 126 0 0 0 0 0 0 0 0 0 0 0 0 0 0 0 0 0 0 0 0 0 0 0 0 0 0 0 0 0 0 0 0 0 0 0 0 
8 26 37 38 45 61 74 81 83 86 93 99 106 0 0 0 0 0 0 0 0 0 0 0 0 0 0 0 0 0 0 0 0 0 0 0 0 0 0 0 0 0 0 
41 44 45 75 110 126 0 0 0 0 0 0 0 0 0 0 0 0 0 0 0 0 0 0 0 0 0 0 0 0 0 0 0 0 0 0 0 0 0 0 0 0 0 
8 45 51 61 72 81 0 0 0 0 0 0 0 0 0 0 0 0 0 0 0 0 0 0 0 0 0 0 0 0 0 0 0 0 0 0 0 0 0 0 0 0 0 
10 20 24 26 28 40 42 44 45 46 50 52 54 58 61 64 75 82 102 110 134 0 0 0 0 0 0 0 0 0 0 0 0 0 0 0 0 0 0 0 0 0 0 
8 17 27 79 81 89 103 105 111 125 0 0 0 0 0 0 0 0 0 0 0 0 0 0 0 0 0 0 0 0 0 0 0 0 0 0 0 0 0 0 0 0 0 
10 20 24 26 28 40 41 42 44 46 50 52 54 61 64 82 96 102 134 0 0 0 0 0 0 0 0 0 0 0 0 0 0 0 0 0 0 0 0 0 0 0 0 
17 27 28 49 51 59 70 79 89 99 103 111 119 125 0 0 0 0 0 0 0 0 0 0 0 0 0 0 0 0 0 0 0 0 0 0 0 0 0 0 0 0 0 
28 35 44 45 58 60 72 73 97 112 126 132 0 0 0 0 0 0 0 0 0 0 0 0 0 0 0 0 0 0 0 0 0 0 0 0 0 0 0 0 0 0 0 
28 49 59 61 70 72 99 105 119 0 0 0 0 0 0 0 0 0 0 0 0 0 0 0 0 0 0 0 0 0 0 0 0 0 0 0 0 0 0 0 0 0 0 
14 28 35 44 45 60 66 72 73 97 102 112 126 132 0 0 0 0 0 0 0 0 0 0 0 0 0 0 0 0 0 0 0 0 0 0 0 0 0 0 0 0 0 
61 67 75 86 0 0 0 0 0 0 0 0 0 0 0 0 0 0 0 0 0 0 0 0 0 0 0 0 0 0 0 0 0 0 0 0 0 0 0 0 0 0 0 
6 14 46 74 76 77 80 86 102 104 128 0 0 0 0 0 0 0 0 0 0 0 0 0 0 0 0 0 0 0 0 0 0 0 0 0 0 0 0 0 0 0 0 
2 5 7 8 11 12 17 28 32 35 38 43 47 55 57 58 65 67 79 85 89 97 104 106 129 131 0 0 0 0 0 0 0 0 0 0 0 0 0 0 0 0 0 
6 45 46 61 66 76 77 80 86 104 128 0 0 0 0 0 0 0 0 0 0 0 0 0 0 0 0 0 0 0 0 0 0 0 0 0 0 0 0 0 0 0 0 
2 5 7 8 11 12 17 28 32 35 38 43 47 55 57 58 65 79 85 86 89 97 104 106 129 131 0 0 0 0 0 0 0 0 0 0 0 0 0 0 0 0 0 
2 4 18 42 44 61 76 104 105 110 112 0 0 0 0 0 0 0 0 0 0 0 0 0 0 0 0 0 0 0 0 0 0 0 0 0 0 0 0 0 0 0 0 
40 75 77 80 0 0 0 0 0 0 0 0 0 0 0 0 0 0 0 0 0 0 0 0 0 0 0 0 0 0 0 0 0 0 0 0 0 0 0 0 0 0 0 
2 4 18 24 34 42 44 45 46 56 61 72 74 76 81 82 96 102 104 105 106 110 0 0 0 0 0 0 0 0 0 0 0 0 0 0 0 0 0 0 0 0 0 
8 40 51 55 73 77 80 83 107 0 0 0 0 0 0 0 0 0 0 0 0 0 0 0 0 0 0 0 0 0 0 0 0 0 0 0 0 0 0 0 0 0 0 
10 24 34 40 46 58 68 75 81 82 84 88 96 102 106 114 128 0 0 0 0 0 0 0 0 0 0 0 0 0 0 0 0 0 0 0 0 0 0 0 0 0 0 
19 25 28 32 38 39 40 55 63 73 83 86 89 97 104 111 122 0 0 0 0 0 0 0 0 0 0 0 0 0 0 0 0 0 0 0 0 0 0 0 0 0 0 
2 10 16 40 56 68 73 75 81 84 88 90 112 114 128 0 0 0 0 0 0 0 0 0 0 0 0 0 0 0 0 0 0 0 0 0 0 0 0 0 0 0 0 
8 19 25 28 32 38 39 40 51 63 74 86 89 91 97 104 111 122 0 0 0 0 0 0 0 0 0 0 0 0 0 0 0 0 0 0 0 0 0 0 0 0 0 
2 14 16 45 58 61 72 73 81 90 92 0 0 0 0 0 0 0 0 0 0 0 0 0 0 0 0 0 0 0 0 0 0 0 0 0 0 0 0 0 0 0 0 
38 74 86 91 93 103 0 0 0 0 0 0 0 0 0 0 0 0 0 0 0 0 0 0 0 0 0 0 0 0 0 0 0 0 0 0 0 0 0 0 0 0 0 
14 16 28 45 50 66 92 124 0 0 0 0 0 0 0 0 0 0 0 0 0 0 0 0 0 0 0 0 0 0 0 0 0 0 0 0 0 0 0 0 0 0 0 
26 35 38 47 57 72 74 75 79 91 93 104 107 111 119 122 0 0 0 0 0 0 0 0 0 0 0 0 0 0 0 0 0 0 0 0 0 0 0 0 0 0 0 
22 28 30 50 61 66 72 75 81 100 105 113 0 0 0 0 0 0 0 0 0 0 0 0 0 0 0 0 0 0 0 0 0 0 0 0 0 0 0 0 0 0 0 
7 8 17 23 27 35 45 47 53 57 59 63 69 72 74 79 80 87 91 93 101 104 105 122 0 0 0 0 0 0 0 0 0 0 0 0 0 0 0 0 0 0 0 
16 22 30 61 72 75 81 100 105 106 113 124 0 0 0 0 0 0 0 0 0 0 0 0 0 0 0 0 0 0 0 0 0 0 0 0 0 0 0 0 0 0 0 
7 8 17 23 26 27 45 53 59 63 69 75 80 86 87 91 93 101 103 105 111 119 0 0 0 0 0 0 0 0 0 0 0 0 0 0 0 0 0 0 0 0 0 
14 46 75 96 106 108 123 0 0 0 0 0 0 0 0 0 0 0 0 0 0 0 0 0 0 0 0 0 0 0 0 0 0 0 0 0 0 0 0 0 0 0 0 
3 12 45 58 73 91 109 123 0 0 0 0 0 0 0 0 0 0 0 0 0 0 0 0 0 0 0 0 0 0 0 0 0 0 0 0 0 0 0 0 0 0 0 
14 34 46 54 61 72 75 96 108 112 114 123 0 0 0 0 0 0 0 0 0 0 0 0 0 0 0 0 0 0 0 0 0 0 0 0 0 0 0 0 0 0 0 
3 5 8 17 25 38 42 45 51 55 73 74 83 89 109 119 122 123 125 0 0 0 0 0 0 0 0 0 0 0 0 0 0 0 0 0 0 0 0 0 0 0 0 
12 22 34 41 44 45 54 74 112 114 116 0 0 0 0 0 0 0 0 0 0 0 0 0 0 0 0 0 0 0 0 0 0 0 0 0 0 0 0 0 0 0 0 
5 17 27 28 42 55 58 63 70 73 74 85 86 89 91 95 101 105 119 122 123 125 133 0 0 0 0 0 0 0 0 0 0 0 0 0 0 0 0 0 0 0 0 
12 22 38 41 44 45 61 72 74 116 122 0 0 0 0 0 0 0 0 0 0 0 0 0 0 0 0 0 0 0 0 0 0 0 0 0 0 0 0 0 0 0 0 
8 12 25 27 28 38 51 63 70 73 75 83 85 86 91 95 101 105 133 0 0 0 0 0 0 0 0 0 0 0 0 0 0 0 0 0 0 0 0 0 0 0 0 
14 24 28 38 56 82 110 112 122 124 136 0 0 0 0 0 0 0 0 0 0 0 0 0 0 0 0 0 0 0 0 0 0 0 0 0 0 0 0 0 0 0 0 
12 25 26 38 73 79 103 123 125 0 0 0 0 0 0 0 0 0 0 0 0 0 0 0 0 0 0 0 0 0 0 0 0 0 0 0 0 0 0 0 0 0 0 
10 14 24 28 35 41 56 82 110 112 113 120 126 130 136 0 0 0 0 0 0 0 0 0 0 0 0 0 0 0 0 0 0 0 0 0 0 0 0 0 0 0 0 
2 7 17 19 25 26 35 38 58 73 75 81 111 119 125 131 0 0 0 0 0 0 0 0 0 0 0 0 0 0 0 0 0 0 0 0 0 0 0 0 0 0 0 
10 32 39 40 41 60 73 86 113 120 124 126 130 0 0 0 0 0 0 0 0 0 0 0 0 0 0 0 0 0 0 0 0 0 0 0 0 0 0 0 0 0 0 
2 3 7 16 19 25 27 28 32 37 39 45 49 58 61 75 81 83 87 97 101 103 111 117 119 121 125 131 133 0 0 0 0 0 0 0 0 0 0 0 0 0 0 
32 35 39 40 45 60 61 73 86 136 0 0 0 0 0 0 0 0 0 0 0 0 0 0 0 0 0 0 0 0 0 0 0 0 0 0 0 0 0 0 0 0 0 
135 0 0 0 0 0 0 0 0 0 0 0 0 0 0 0 0 0 0 0 0 0 0 0 0 0 0 0 0 0 0 0 0 0 0 0 0 0 0 0 0 0 0 