31 10
8 16
1 4 6 7 9 10 0 0 
1 2 4 5 6 8 9 0 
2 3 5 6 7 9 10 0 
1 3 8 9 0 0 0 0 
2 4 9 10 0 0 0 0 
1 3 4 5 6 7 9 0 
2 4 5 6 7 8 10 0 
1 3 4 5 8 10 0 0 
1 2 5 7 10 0 0 0 
1 2 3 4 7 8 9 10 
1 2 3 5 6 7 8 0 
2 3 4 6 7 8 9 0 
3 4 5 7 8 9 10 0 
1 5 7 8 0 0 0 0 
2 6 8 9 0 0 0 0 
3 7 9 10 0 0 0 0 
1 6 7 8 9 0 0 0 
2 7 8 9 10 0 0 0 
1 3 4 6 7 8 0 0 
2 4 5 7 8 9 0 0 
3 5 6 8 9 10 0 0 
1 0 0 0 0 0 0 0 
2 0 0 0 0 0 0 0 
3 0 0 0 0 0 0 0 
4 0 0 0 0 0 0 0 
5 0 0 0 0 0 0 0 
6 0 0 0 0 0 0 0 
7 0 0 0 0 0 0 0 
8 0 0 0 0 0 0 0 
9 0 0 0 0 0 0 0 
10 0 0 0 0 0 0 0 