64 32
6 6
2 4 8 14 17 27
6 8 12 18 21 31
3 10 12 16 22 25
7 14 16 20 26 29
1 11 18 20 24 30
2 5 15 22 24 28
6 9 19 26 28 32
4 10 13 23 30 32
1 9 12 15 0 0
5 13 16 19 0 0
9 17 20 23 0 0
13 21 24 27 0 0
17 25 28 31 0 0
3 21 29 32 0 0
1 4 7 25 0 0
5 8 11 29 0 0
1 6 23 0 0 0
5 10 27 0 0 0
9 14 31 0 0 0
3 13 18 0 0 0
7 17 22 0 0 0
11 21 26 0 0 0
15 25 30 0 0 0
2 19 29 0 0 0
2 11 16 0 0 0
6 15 20 0 0 0
10 19 24 0 0 0
14 23 28 0 0 0
18 27 32 0 0 0
4 22 31 0 0 0
3 8 26 0 0 0
7 12 30 0 0 0
1 2 0 0 0 0
2 3 0 0 0 0
3 4 0 0 0 0
4 5 0 0 0 0
5 6 0 0 0 0
6 7 0 0 0 0
7 8 0 0 0 0
8 9 0 0 0 0
9 10 0 0 0 0
10 11 0 0 0 0
11 12 0 0 0 0
12 13 0 0 0 0
13 14 0 0 0 0
14 15 0 0 0 0
15 16 0 0 0 0
16 17 0 0 0 0
17 18 0 0 0 0
18 19 0 0 0 0
19 20 0 0 0 0
20 21 0 0 0 0
21 22 0 0 0 0
22 23 0 0 0 0
23 24 0 0 0 0
24 25 0 0 0 0
25 26 0 0 0 0
26 27 0 0 0 0
27 28 0 0 0 0
28 29 0 0 0 0
29 30 0 0 0 0
30 31 0 0 0 0
31 32 0 0 0 0
32 0 0 0 0 0
