576 288
6 7
82 214 279 0 0 0 
83 215 280 0 0 0 
84 216 281 0 0 0 
85 193 282 0 0 0 
86 194 283 0 0 0 
87 195 284 0 0 0 
88 196 285 0 0 0 
89 197 286 0 0 0 
90 198 287 0 0 0 
91 199 288 0 0 0 
92 200 265 0 0 0 
93 201 266 0 0 0 
94 202 267 0 0 0 
95 203 268 0 0 0 
96 204 269 0 0 0 
73 205 270 0 0 0 
74 206 271 0 0 0 
75 207 272 0 0 0 
76 208 273 0 0 0 
77 209 274 0 0 0 
78 210 275 0 0 0 
79 211 276 0 0 0 
80 212 277 0 0 0 
81 213 278 0 0 0 
2 43 191 0 0 0 
3 44 192 0 0 0 
4 45 169 0 0 0 
5 46 170 0 0 0 
6 47 171 0 0 0 
7 48 172 0 0 0 
8 25 173 0 0 0 
9 26 174 0 0 0 
10 27 175 0 0 0 
11 28 176 0 0 0 
12 29 177 0 0 0 
13 30 178 0 0 0 
14 31 179 0 0 0 
15 32 180 0 0 0 
16 33 181 0 0 0 
17 34 182 0 0 0 
18 35 183 0 0 0 
19 36 184 0 0 0 
20 37 185 0 0 0 
21 38 186 0 0 0 
22 39 187 0 0 0 
23 40 188 0 0 0 
24 41 189 0 0 0 
1 42 190 0 0 0 
7 86 112 146 175 264 
8 87 113 147 176 241 
9 88 114 148 177 242 
10 89 115 149 178 243 
11 90 116 150 179 244 
12 91 117 151 180 245 
13 92 118 152 181 246 
14 93 119 153 182 247 
15 94 120 154 183 248 
16 95 97 155 184 249 
17 96 98 156 185 250 
18 73 99 157 186 251 
19 74 100 158 187 252 
20 75 101 159 188 253 
21 76 102 160 189 254 
22 77 103 161 190 255 
23 78 104 162 191 256 
24 79 105 163 192 257 
1 80 106 164 169 258 
2 81 107 165 170 259 
3 82 108 166 171 260 
4 83 109 167 172 261 
5 84 110 168 173 262 
6 85 111 145 174 263 
67 156 249 0 0 0 
68 157 250 0 0 0 
69 158 251 0 0 0 
70 159 252 0 0 0 
71 160 253 0 0 0 
72 161 254 0 0 0 
49 162 255 0 0 0 
50 163 256 0 0 0 
51 164 257 0 0 0 
52 165 258 0 0 0 
53 166 259 0 0 0 
54 167 260 0 0 0 
55 168 261 0 0 0 
56 145 262 0 0 0 
57 146 263 0 0 0 
58 147 264 0 0 0 
59 148 241 0 0 0 
60 149 242 0 0 0 
61 150 243 0 0 0 
62 151 244 0 0 0 
63 152 245 0 0 0 
64 153 246 0 0 0 
65 154 247 0 0 0 
66 155 248 0 0 0 
68 134 197 0 0 0 
69 135 198 0 0 0 
70 136 199 0 0 0 
71 137 200 0 0 0 
72 138 201 0 0 0 
49 139 202 0 0 0 
50 140 203 0 0 0 
51 141 204 0 0 0 
52 142 205 0 0 0 
53 143 206 0 0 0 
54 144 207 0 0 0 
55 121 208 0 0 0 
56 122 209 0 0 0 
57 123 210 0 0 0 
58 124 211 0 0 0 
59 125 212 0 0 0 
60 126 213 0 0 0 
61 127 214 0 0 0 
62 128 215 0 0 0 
63 129 216 0 0 0 
64 130 193 0 0 0 
65 131 194 0 0 0 
66 132 195 0 0 0 
67 133 196 0 0 0 
44 53 135 211 218 273 
45 54 136 212 219 274 
46 55 137 213 220 275 
47 56 138 214 221 276 
48 57 139 215 222 277 
25 58 140 216 223 278 
26 59 141 193 224 279 
27 60 142 194 225 280 
28 61 143 195 226 281 
29 62 144 196 227 282 
30 63 121 197 228 283 
31 64 122 198 229 284 
32 65 123 199 230 285 
33 66 124 200 231 286 
34 67 125 201 232 287 
35 68 126 202 233 288 
36 69 127 203 234 265 
37 70 128 204 235 266 
38 71 129 205 236 267 
39 72 130 206 237 268 
40 49 131 207 238 269 
41 50 132 208 239 270 
42 51 133 209 240 271 
43 52 134 210 217 272 
30 100 169 0 0 0 
31 101 170 0 0 0 
32 102 171 0 0 0 
33 103 172 0 0 0 
34 104 173 0 0 0 
35 105 174 0 0 0 
36 106 175 0 0 0 
37 107 176 0 0 0 
38 108 177 0 0 0 
39 109 178 0 0 0 
40 110 179 0 0 0 
41 111 180 0 0 0 
42 112 181 0 0 0 
43 113 182 0 0 0 
44 114 183 0 0 0 
45 115 184 0 0 0 
46 116 185 0 0 0 
47 117 186 0 0 0 
48 118 187 0 0 0 
25 119 188 0 0 0 
26 120 189 0 0 0 
27 97 190 0 0 0 
28 98 191 0 0 0 
29 99 192 0 0 0 
47 65 125 207 227 279 
48 66 126 208 228 280 
25 67 127 209 229 281 
26 68 128 210 230 282 
27 69 129 211 231 283 
28 70 130 212 232 284 
29 71 131 213 233 285 
30 72 132 214 234 286 
31 49 133 215 235 287 
32 50 134 216 236 288 
33 51 135 193 237 265 
34 52 136 194 238 266 
35 53 137 195 239 267 
36 54 138 196 240 268 
37 55 139 197 217 269 
38 56 140 198 218 270 
39 57 141 199 219 271 
40 58 142 200 220 272 
41 59 143 201 221 273 
42 60 144 202 222 274 
43 61 121 203 223 275 
44 62 122 204 224 276 
45 63 123 205 225 277 
46 64 124 206 226 278 
12 81 256 0 0 0 
13 82 257 0 0 0 
14 83 258 0 0 0 
15 84 259 0 0 0 
16 85 260 0 0 0 
17 86 261 0 0 0 
18 87 262 0 0 0 
19 88 263 0 0 0 
20 89 264 0 0 0 
21 90 241 0 0 0 
22 91 242 0 0 0 
23 92 243 0 0 0 
24 93 244 0 0 0 
1 94 245 0 0 0 
2 95 246 0 0 0 
3 96 247 0 0 0 
4 73 248 0 0 0 
5 74 249 0 0 0 
6 75 250 0 0 0 
7 76 251 0 0 0 
8 77 252 0 0 0 
9 78 253 0 0 0 
10 79 254 0 0 0 
11 80 255 0 0 0 
5 91 111 166 182 253 
6 92 112 167 183 254 
7 93 113 168 184 255 
8 94 114 145 185 256 
9 95 115 146 186 257 
10 96 116 147 187 258 
11 73 117 148 188 259 
12 74 118 149 189 260 
13 75 119 150 190 261 
14 76 120 151 191 262 
15 77 97 152 192 263 
16 78 98 153 169 264 
17 79 99 154 170 241 
18 80 100 155 171 242 
19 81 101 156 172 243 
20 82 102 157 173 244 
21 83 103 158 174 245 
22 84 104 159 175 246 
23 85 105 160 176 247 
24 86 106 161 177 248 
1 87 107 162 178 249 
2 88 108 163 179 250 
3 89 109 164 180 251 
4 90 110 165 181 252 
103 165 224 0 0 0 
104 166 225 0 0 0 
105 167 226 0 0 0 
106 168 227 0 0 0 
107 145 228 0 0 0 
108 146 229 0 0 0 
109 147 230 0 0 0 
110 148 231 0 0 0 
111 149 232 0 0 0 
112 150 233 0 0 0 
113 151 234 0 0 0 
114 152 235 0 0 0 
115 153 236 0 0 0 
116 154 237 0 0 0 
117 155 238 0 0 0 
118 156 239 0 0 0 
119 157 240 0 0 0 
120 158 217 0 0 0 
97 159 218 0 0 0 
98 160 219 0 0 0 
99 161 220 0 0 0 
100 162 221 0 0 0 
101 163 222 0 0 0 
102 164 223 0 0 0 
46 49 126 205 223 283 
47 50 127 206 224 284 
48 51 128 207 225 285 
25 52 129 208 226 286 
26 53 130 209 227 287 
27 54 131 210 228 288 
28 55 132 211 229 265 
29 56 133 212 230 266 
30 57 134 213 231 267 
31 58 135 214 232 268 
32 59 136 215 233 269 
33 60 137 216 234 270 
34 61 138 193 235 271 
35 62 139 194 236 272 
36 63 140 195 237 273 
37 64 141 196 238 274 
38 65 142 197 239 275 
39 66 143 198 240 276 
40 67 144 199 217 277 
41 68 121 200 218 278 
42 69 122 201 219 279 
43 70 123 202 220 280 
44 71 124 203 221 281 
45 72 125 204 222 282 
24 121 288 0 0 0 
1 122 265 0 0 0 
2 123 266 0 0 0 
3 124 267 0 0 0 
4 125 268 0 0 0 
5 126 269 0 0 0 
6 127 270 0 0 0 
7 128 271 0 0 0 
8 129 272 0 0 0 
9 130 273 0 0 0 
10 131 274 0 0 0 
11 132 275 0 0 0 
12 133 276 0 0 0 
13 134 277 0 0 0 
14 135 278 0 0 0 
15 136 279 0 0 0 
16 137 280 0 0 0 
17 138 281 0 0 0 
18 139 282 0 0 0 
19 140 283 0 0 0 
20 141 284 0 0 0 
21 142 285 0 0 0 
22 143 286 0 0 0 
23 144 287 0 0 0 
1 25 0 0 0 0 
2 26 0 0 0 0 
3 27 0 0 0 0 
4 28 0 0 0 0 
5 29 0 0 0 0 
6 30 0 0 0 0 
7 31 0 0 0 0 
8 32 0 0 0 0 
9 33 0 0 0 0 
10 34 0 0 0 0 
11 35 0 0 0 0 
12 36 0 0 0 0 
13 37 0 0 0 0 
14 38 0 0 0 0 
15 39 0 0 0 0 
16 40 0 0 0 0 
17 41 0 0 0 0 
18 42 0 0 0 0 
19 43 0 0 0 0 
20 44 0 0 0 0 
21 45 0 0 0 0 
22 46 0 0 0 0 
23 47 0 0 0 0 
24 48 0 0 0 0 
25 49 0 0 0 0 
26 50 0 0 0 0 
27 51 0 0 0 0 
28 52 0 0 0 0 
29 53 0 0 0 0 
30 54 0 0 0 0 
31 55 0 0 0 0 
32 56 0 0 0 0 
33 57 0 0 0 0 
34 58 0 0 0 0 
35 59 0 0 0 0 
36 60 0 0 0 0 
37 61 0 0 0 0 
38 62 0 0 0 0 
39 63 0 0 0 0 
40 64 0 0 0 0 
41 65 0 0 0 0 
42 66 0 0 0 0 
43 67 0 0 0 0 
44 68 0 0 0 0 
45 69 0 0 0 0 
46 70 0 0 0 0 
47 71 0 0 0 0 
48 72 0 0 0 0 
49 73 0 0 0 0 
50 74 0 0 0 0 
51 75 0 0 0 0 
52 76 0 0 0 0 
53 77 0 0 0 0 
54 78 0 0 0 0 
55 79 0 0 0 0 
56 80 0 0 0 0 
57 81 0 0 0 0 
58 82 0 0 0 0 
59 83 0 0 0 0 
60 84 0 0 0 0 
61 85 0 0 0 0 
62 86 0 0 0 0 
63 87 0 0 0 0 
64 88 0 0 0 0 
65 89 0 0 0 0 
66 90 0 0 0 0 
67 91 0 0 0 0 
68 92 0 0 0 0 
69 93 0 0 0 0 
70 94 0 0 0 0 
71 95 0 0 0 0 
72 96 0 0 0 0 
73 97 0 0 0 0 
74 98 0 0 0 0 
75 99 0 0 0 0 
76 100 0 0 0 0 
77 101 0 0 0 0 
78 102 0 0 0 0 
79 103 0 0 0 0 
80 104 0 0 0 0 
81 105 0 0 0 0 
82 106 0 0 0 0 
83 107 0 0 0 0 
84 108 0 0 0 0 
85 109 0 0 0 0 
86 110 0 0 0 0 
87 111 0 0 0 0 
88 112 0 0 0 0 
89 113 0 0 0 0 
90 114 0 0 0 0 
91 115 0 0 0 0 
92 116 0 0 0 0 
93 117 0 0 0 0 
94 118 0 0 0 0 
95 119 0 0 0 0 
96 120 0 0 0 0 
97 121 0 0 0 0 
98 122 0 0 0 0 
99 123 0 0 0 0 
100 124 0 0 0 0 
101 125 0 0 0 0 
102 126 0 0 0 0 
103 127 0 0 0 0 
104 128 0 0 0 0 
105 129 0 0 0 0 
106 130 0 0 0 0 
107 131 0 0 0 0 
108 132 0 0 0 0 
109 133 0 0 0 0 
110 134 0 0 0 0 
111 135 0 0 0 0 
112 136 0 0 0 0 
113 137 0 0 0 0 
114 138 0 0 0 0 
115 139 0 0 0 0 
116 140 0 0 0 0 
117 141 0 0 0 0 
118 142 0 0 0 0 
119 143 0 0 0 0 
120 144 0 0 0 0 
121 145 0 0 0 0 
122 146 0 0 0 0 
123 147 0 0 0 0 
124 148 0 0 0 0 
125 149 0 0 0 0 
126 150 0 0 0 0 
127 151 0 0 0 0 
128 152 0 0 0 0 
129 153 0 0 0 0 
130 154 0 0 0 0 
131 155 0 0 0 0 
132 156 0 0 0 0 
133 157 0 0 0 0 
134 158 0 0 0 0 
135 159 0 0 0 0 
136 160 0 0 0 0 
137 161 0 0 0 0 
138 162 0 0 0 0 
139 163 0 0 0 0 
140 164 0 0 0 0 
141 165 0 0 0 0 
142 166 0 0 0 0 
143 167 0 0 0 0 
144 168 0 0 0 0 
145 169 0 0 0 0 
146 170 0 0 0 0 
147 171 0 0 0 0 
148 172 0 0 0 0 
149 173 0 0 0 0 
150 174 0 0 0 0 
151 175 0 0 0 0 
152 176 0 0 0 0 
153 177 0 0 0 0 
154 178 0 0 0 0 
155 179 0 0 0 0 
156 180 0 0 0 0 
157 181 0 0 0 0 
158 182 0 0 0 0 
159 183 0 0 0 0 
160 184 0 0 0 0 
161 185 0 0 0 0 
162 186 0 0 0 0 
163 187 0 0 0 0 
164 188 0 0 0 0 
165 189 0 0 0 0 
166 190 0 0 0 0 
167 191 0 0 0 0 
168 192 0 0 0 0 
169 193 0 0 0 0 
170 194 0 0 0 0 
171 195 0 0 0 0 
172 196 0 0 0 0 
173 197 0 0 0 0 
174 198 0 0 0 0 
175 199 0 0 0 0 
176 200 0 0 0 0 
177 201 0 0 0 0 
178 202 0 0 0 0 
179 203 0 0 0 0 
180 204 0 0 0 0 
181 205 0 0 0 0 
182 206 0 0 0 0 
183 207 0 0 0 0 
184 208 0 0 0 0 
185 209 0 0 0 0 
186 210 0 0 0 0 
187 211 0 0 0 0 
188 212 0 0 0 0 
189 213 0 0 0 0 
190 214 0 0 0 0 
191 215 0 0 0 0 
192 216 0 0 0 0 
193 217 0 0 0 0 
194 218 0 0 0 0 
195 219 0 0 0 0 
196 220 0 0 0 0 
197 221 0 0 0 0 
198 222 0 0 0 0 
199 223 0 0 0 0 
200 224 0 0 0 0 
201 225 0 0 0 0 
202 226 0 0 0 0 
203 227 0 0 0 0 
204 228 0 0 0 0 
205 229 0 0 0 0 
206 230 0 0 0 0 
207 231 0 0 0 0 
208 232 0 0 0 0 
209 233 0 0 0 0 
210 234 0 0 0 0 
211 235 0 0 0 0 
212 236 0 0 0 0 
213 237 0 0 0 0 
214 238 0 0 0 0 
215 239 0 0 0 0 
216 240 0 0 0 0 
217 241 0 0 0 0 
218 242 0 0 0 0 
219 243 0 0 0 0 
220 244 0 0 0 0 
221 245 0 0 0 0 
222 246 0 0 0 0 
223 247 0 0 0 0 
224 248 0 0 0 0 
225 249 0 0 0 0 
226 250 0 0 0 0 
227 251 0 0 0 0 
228 252 0 0 0 0 
229 253 0 0 0 0 
230 254 0 0 0 0 
231 255 0 0 0 0 
232 256 0 0 0 0 
233 257 0 0 0 0 
234 258 0 0 0 0 
235 259 0 0 0 0 
236 260 0 0 0 0 
237 261 0 0 0 0 
238 262 0 0 0 0 
239 263 0 0 0 0 
240 264 0 0 0 0 
241 265 0 0 0 0 
242 266 0 0 0 0 
243 267 0 0 0 0 
244 268 0 0 0 0 
245 269 0 0 0 0 
246 270 0 0 0 0 
247 271 0 0 0 0 
248 272 0 0 0 0 
249 273 0 0 0 0 
250 274 0 0 0 0 
251 275 0 0 0 0 
252 276 0 0 0 0 
253 277 0 0 0 0 
254 278 0 0 0 0 
255 279 0 0 0 0 
256 280 0 0 0 0 
257 281 0 0 0 0 
258 282 0 0 0 0 
259 283 0 0 0 0 
260 284 0 0 0 0 
261 285 0 0 0 0 
262 286 0 0 0 0 
263 287 0 0 0 0 
264 288 0 0 0 0 
