86 46
27 25
3 4 5 8 9 10 12 15 16 17 19 22 23 24 26 29 30 31 33 36 37 38 40 43 44 45 46 
1 2 5 6 9 10 11 13 16 17 18 20 23 24 25 27 30 31 32 34 37 38 39 41 45 0 0 
2 3 6 7 10 11 12 14 17 18 19 21 24 25 26 28 31 32 33 35 38 39 40 42 46 0 0 
1 2 3 7 8 11 12 13 15 18 19 20 22 25 26 27 29 32 33 34 36 39 40 41 43 44 46 
1 3 8 9 12 13 14 16 19 20 21 23 26 27 28 30 33 34 35 37 40 41 42 45 46 0 0 
1 9 10 13 14 15 17 20 21 22 24 27 28 29 31 34 35 36 38 41 42 43 44 0 0 0 0 
2 10 11 14 15 16 18 21 22 23 25 28 29 30 32 35 36 37 39 42 43 44 45 0 0 0 0 
3 11 12 15 16 17 19 22 23 24 26 29 30 31 33 36 37 38 40 43 44 45 46 0 0 0 0 
1 2 12 13 16 17 18 20 23 24 25 27 30 31 32 34 37 38 39 41 45 0 0 0 0 0 0 
2 3 13 14 17 18 19 21 24 25 26 28 31 32 33 35 38 39 40 42 46 0 0 0 0 0 0 
1 2 3 14 15 18 19 20 22 25 26 27 29 32 33 34 36 39 40 41 43 44 46 0 0 0 0 
1 3 15 16 19 20 21 23 26 27 28 30 33 34 35 37 40 41 42 45 46 0 0 0 0 0 0 
1 16 17 20 21 22 24 27 28 29 31 34 35 36 38 41 42 43 44 0 0 0 0 0 0 0 0 
2 17 18 21 22 23 25 28 29 30 32 35 36 37 39 42 43 44 45 0 0 0 0 0 0 0 0 
3 18 19 22 23 24 26 29 30 31 33 36 37 38 40 43 44 45 46 0 0 0 0 0 0 0 0 
1 2 19 20 23 24 25 27 30 31 32 34 37 38 39 41 45 0 0 0 0 0 0 0 0 0 0 
2 3 20 21 24 25 26 28 31 32 33 35 38 39 40 42 46 0 0 0 0 0 0 0 0 0 0 
1 2 3 21 22 25 26 27 29 32 33 34 36 39 40 41 43 44 46 0 0 0 0 0 0 0 0 
1 3 22 23 26 27 28 30 33 34 35 37 40 41 42 45 46 0 0 0 0 0 0 0 0 0 0 
1 23 24 27 28 29 31 34 35 36 38 41 42 43 44 0 0 0 0 0 0 0 0 0 0 0 0 
2 24 25 28 29 30 32 35 36 37 39 42 43 44 45 0 0 0 0 0 0 0 0 0 0 0 0 
3 25 26 29 30 31 33 36 37 38 40 43 44 45 46 0 0 0 0 0 0 0 0 0 0 0 0 
1 2 26 27 30 31 32 34 37 38 39 41 45 0 0 0 0 0 0 0 0 0 0 0 0 0 0 
2 3 27 28 31 32 33 35 38 39 40 42 46 0 0 0 0 0 0 0 0 0 0 0 0 0 0 
1 2 3 28 29 32 33 34 36 39 40 41 43 44 46 0 0 0 0 0 0 0 0 0 0 0 0 
1 3 29 30 33 34 35 37 40 41 42 45 46 0 0 0 0 0 0 0 0 0 0 0 0 0 0 
1 30 31 34 35 36 38 41 42 43 44 0 0 0 0 0 0 0 0 0 0 0 0 0 0 0 0 
2 31 32 35 36 37 39 42 43 44 45 0 0 0 0 0 0 0 0 0 0 0 0 0 0 0 0 
3 32 33 36 37 38 40 43 44 45 46 0 0 0 0 0 0 0 0 0 0 0 0 0 0 0 0 
1 2 33 34 37 38 39 41 45 0 0 0 0 0 0 0 0 0 0 0 0 0 0 0 0 0 0 
2 3 34 35 38 39 40 42 46 0 0 0 0 0 0 0 0 0 0 0 0 0 0 0 0 0 0 
1 2 3 35 36 39 40 41 43 44 46 0 0 0 0 0 0 0 0 0 0 0 0 0 0 0 0 
1 3 36 37 40 41 42 45 46 0 0 0 0 0 0 0 0 0 0 0 0 0 0 0 0 0 0 
1 37 38 41 42 43 44 0 0 0 0 0 0 0 0 0 0 0 0 0 0 0 0 0 0 0 0 
2 38 39 42 43 44 45 0 0 0 0 0 0 0 0 0 0 0 0 0 0 0 0 0 0 0 0 
3 39 40 43 44 45 46 0 0 0 0 0 0 0 0 0 0 0 0 0 0 0 0 0 0 0 0 
1 2 40 41 45 0 0 0 0 0 0 0 0 0 0 0 0 0 0 0 0 0 0 0 0 0 0 
2 3 41 42 46 0 0 0 0 0 0 0 0 0 0 0 0 0 0 0 0 0 0 0 0 0 0 
1 2 3 42 43 44 46 0 0 0 0 0 0 0 0 0 0 0 0 0 0 0 0 0 0 0 0 
1 3 43 45 46 0 0 0 0 0 0 0 0 0 0 0 0 0 0 0 0 0 0 0 0 0 0 
1 0 0 0 0 0 0 0 0 0 0 0 0 0 0 0 0 0 0 0 0 0 0 0 0 0 0 
2 0 0 0 0 0 0 0 0 0 0 0 0 0 0 0 0 0 0 0 0 0 0 0 0 0 0 
3 0 0 0 0 0 0 0 0 0 0 0 0 0 0 0 0 0 0 0 0 0 0 0 0 0 0 
4 0 0 0 0 0 0 0 0 0 0 0 0 0 0 0 0 0 0 0 0 0 0 0 0 0 0 
5 0 0 0 0 0 0 0 0 0 0 0 0 0 0 0 0 0 0 0 0 0 0 0 0 0 0 
6 0 0 0 0 0 0 0 0 0 0 0 0 0 0 0 0 0 0 0 0 0 0 0 0 0 0 
7 0 0 0 0 0 0 0 0 0 0 0 0 0 0 0 0 0 0 0 0 0 0 0 0 0 0 
8 0 0 0 0 0 0 0 0 0 0 0 0 0 0 0 0 0 0 0 0 0 0 0 0 0 0 
9 0 0 0 0 0 0 0 0 0 0 0 0 0 0 0 0 0 0 0 0 0 0 0 0 0 0 
10 0 0 0 0 0 0 0 0 0 0 0 0 0 0 0 0 0 0 0 0 0 0 0 0 0 0 
11 0 0 0 0 0 0 0 0 0 0 0 0 0 0 0 0 0 0 0 0 0 0 0 0 0 0 
12 0 0 0 0 0 0 0 0 0 0 0 0 0 0 0 0 0 0 0 0 0 0 0 0 0 0 
13 0 0 0 0 0 0 0 0 0 0 0 0 0 0 0 0 0 0 0 0 0 0 0 0 0 0 
14 0 0 0 0 0 0 0 0 0 0 0 0 0 0 0 0 0 0 0 0 0 0 0 0 0 0 
15 0 0 0 0 0 0 0 0 0 0 0 0 0 0 0 0 0 0 0 0 0 0 0 0 0 0 
16 0 0 0 0 0 0 0 0 0 0 0 0 0 0 0 0 0 0 0 0 0 0 0 0 0 0 
17 0 0 0 0 0 0 0 0 0 0 0 0 0 0 0 0 0 0 0 0 0 0 0 0 0 0 
18 0 0 0 0 0 0 0 0 0 0 0 0 0 0 0 0 0 0 0 0 0 0 0 0 0 0 
19 0 0 0 0 0 0 0 0 0 0 0 0 0 0 0 0 0 0 0 0 0 0 0 0 0 0 
20 0 0 0 0 0 0 0 0 0 0 0 0 0 0 0 0 0 0 0 0 0 0 0 0 0 0 
21 0 0 0 0 0 0 0 0 0 0 0 0 0 0 0 0 0 0 0 0 0 0 0 0 0 0 
22 0 0 0 0 0 0 0 0 0 0 0 0 0 0 0 0 0 0 0 0 0 0 0 0 0 0 
23 0 0 0 0 0 0 0 0 0 0 0 0 0 0 0 0 0 0 0 0 0 0 0 0 0 0 
24 0 0 0 0 0 0 0 0 0 0 0 0 0 0 0 0 0 0 0 0 0 0 0 0 0 0 
25 0 0 0 0 0 0 0 0 0 0 0 0 0 0 0 0 0 0 0 0 0 0 0 0 0 0 
26 0 0 0 0 0 0 0 0 0 0 0 0 0 0 0 0 0 0 0 0 0 0 0 0 0 0 
27 0 0 0 0 0 0 0 0 0 0 0 0 0 0 0 0 0 0 0 0 0 0 0 0 0 0 
28 0 0 0 0 0 0 0 0 0 0 0 0 0 0 0 0 0 0 0 0 0 0 0 0 0 0 
29 0 0 0 0 0 0 0 0 0 0 0 0 0 0 0 0 0 0 0 0 0 0 0 0 0 0 
30 0 0 0 0 0 0 0 0 0 0 0 0 0 0 0 0 0 0 0 0 0 0 0 0 0 0 
31 0 0 0 0 0 0 0 0 0 0 0 0 0 0 0 0 0 0 0 0 0 0 0 0 0 0 
32 0 0 0 0 0 0 0 0 0 0 0 0 0 0 0 0 0 0 0 0 0 0 0 0 0 0 
33 0 0 0 0 0 0 0 0 0 0 0 0 0 0 0 0 0 0 0 0 0 0 0 0 0 0 
34 0 0 0 0 0 0 0 0 0 0 0 0 0 0 0 0 0 0 0 0 0 0 0 0 0 0 
35 0 0 0 0 0 0 0 0 0 0 0 0 0 0 0 0 0 0 0 0 0 0 0 0 0 0 
36 0 0 0 0 0 0 0 0 0 0 0 0 0 0 0 0 0 0 0 0 0 0 0 0 0 0 
37 0 0 0 0 0 0 0 0 0 0 0 0 0 0 0 0 0 0 0 0 0 0 0 0 0 0 
38 0 0 0 0 0 0 0 0 0 0 0 0 0 0 0 0 0 0 0 0 0 0 0 0 0 0 
39 0 0 0 0 0 0 0 0 0 0 0 0 0 0 0 0 0 0 0 0 0 0 0 0 0 0 
40 0 0 0 0 0 0 0 0 0 0 0 0 0 0 0 0 0 0 0 0 0 0 0 0 0 0 
41 0 0 0 0 0 0 0 0 0 0 0 0 0 0 0 0 0 0 0 0 0 0 0 0 0 0 
42 0 0 0 0 0 0 0 0 0 0 0 0 0 0 0 0 0 0 0 0 0 0 0 0 0 0 
43 0 0 0 0 0 0 0 0 0 0 0 0 0 0 0 0 0 0 0 0 0 0 0 0 0 0 
44 0 0 0 0 0 0 0 0 0 0 0 0 0 0 0 0 0 0 0 0 0 0 0 0 0 0 
45 0 0 0 0 0 0 0 0 0 0 0 0 0 0 0 0 0 0 0 0 0 0 0 0 0 0 
46 0 0 0 0 0 0 0 0 0 0 0 0 0 0 0 0 0 0 0 0 0 0 0 0 0 0 
 
