480 240
8 10
1 81 141 161 0 0 0 0 
2 82 142 162 0 0 0 0 
3 83 143 163 0 0 0 0 
4 84 144 164 0 0 0 0 
5 85 145 165 0 0 0 0 
6 86 146 166 0 0 0 0 
7 87 147 167 0 0 0 0 
8 88 148 168 0 0 0 0 
9 89 149 169 0 0 0 0 
10 90 150 170 0 0 0 0 
11 91 151 171 0 0 0 0 
12 92 152 172 0 0 0 0 
13 93 153 173 0 0 0 0 
14 94 154 174 0 0 0 0 
15 95 155 175 0 0 0 0 
16 96 156 176 0 0 0 0 
17 97 157 177 0 0 0 0 
18 98 158 178 0 0 0 0 
19 99 159 179 0 0 0 0 
20 100 160 180 0 0 0 0 
21 101 161 181 0 0 0 0 
22 102 162 182 0 0 0 0 
23 103 163 183 0 0 0 0 
24 104 164 184 0 0 0 0 
25 105 165 185 0 0 0 0 
26 106 166 186 0 0 0 0 
27 107 167 187 0 0 0 0 
28 108 168 188 0 0 0 0 
29 109 169 189 0 0 0 0 
30 110 170 190 0 0 0 0 
31 111 171 191 0 0 0 0 
32 112 172 192 0 0 0 0 
33 113 173 193 0 0 0 0 
34 114 174 194 0 0 0 0 
35 115 175 195 0 0 0 0 
36 116 176 196 0 0 0 0 
37 117 177 197 0 0 0 0 
38 118 178 198 0 0 0 0 
39 119 179 199 0 0 0 0 
40 120 180 200 0 0 0 0 
41 121 181 201 0 0 0 0 
42 122 182 202 0 0 0 0 
43 123 183 203 0 0 0 0 
44 124 184 204 0 0 0 0 
45 125 185 205 0 0 0 0 
46 126 186 206 0 0 0 0 
47 127 187 207 0 0 0 0 
48 128 188 208 0 0 0 0 
49 129 189 209 0 0 0 0 
50 130 190 210 0 0 0 0 
51 131 191 211 0 0 0 0 
52 132 192 212 0 0 0 0 
53 133 193 213 0 0 0 0 
54 134 194 214 0 0 0 0 
55 135 195 215 0 0 0 0 
56 136 196 216 0 0 0 0 
57 137 197 217 0 0 0 0 
58 138 198 218 0 0 0 0 
59 139 199 219 0 0 0 0 
60 140 200 220 0 0 0 0 
61 141 201 221 0 0 0 0 
62 142 202 222 0 0 0 0 
63 143 203 223 0 0 0 0 
64 144 204 224 0 0 0 0 
65 145 205 225 0 0 0 0 
66 146 206 226 0 0 0 0 
67 147 207 227 0 0 0 0 
68 148 208 228 0 0 0 0 
69 149 209 229 0 0 0 0 
70 150 210 230 0 0 0 0 
71 151 211 231 0 0 0 0 
72 152 212 232 0 0 0 0 
73 153 213 233 0 0 0 0 
74 154 214 234 0 0 0 0 
75 155 215 235 0 0 0 0 
76 156 216 236 0 0 0 0 
77 157 217 237 0 0 0 0 
78 158 218 238 0 0 0 0 
79 159 219 239 0 0 0 0 
80 160 220 240 0 0 0 0 
23 81 0 0 0 0 0 0 
24 82 0 0 0 0 0 0 
25 83 0 0 0 0 0 0 
26 84 0 0 0 0 0 0 
27 85 0 0 0 0 0 0 
28 86 0 0 0 0 0 0 
29 87 0 0 0 0 0 0 
30 88 0 0 0 0 0 0 
31 89 0 0 0 0 0 0 
32 90 0 0 0 0 0 0 
33 91 0 0 0 0 0 0 
34 92 0 0 0 0 0 0 
35 93 0 0 0 0 0 0 
36 94 0 0 0 0 0 0 
37 95 0 0 0 0 0 0 
38 96 0 0 0 0 0 0 
39 97 0 0 0 0 0 0 
40 98 0 0 0 0 0 0 
21 99 0 0 0 0 0 0 
22 100 0 0 0 0 0 0 
60 101 0 0 0 0 0 0 
41 102 0 0 0 0 0 0 
42 103 0 0 0 0 0 0 
43 104 0 0 0 0 0 0 
44 105 0 0 0 0 0 0 
45 106 0 0 0 0 0 0 
46 107 0 0 0 0 0 0 
47 108 0 0 0 0 0 0 
48 109 0 0 0 0 0 0 
49 110 0 0 0 0 0 0 
50 111 0 0 0 0 0 0 
51 112 0 0 0 0 0 0 
52 113 0 0 0 0 0 0 
53 114 0 0 0 0 0 0 
54 115 0 0 0 0 0 0 
55 116 0 0 0 0 0 0 
56 117 0 0 0 0 0 0 
57 118 0 0 0 0 0 0 
58 119 0 0 0 0 0 0 
59 120 0 0 0 0 0 0 
70 121 0 0 0 0 0 0 
71 122 0 0 0 0 0 0 
72 123 0 0 0 0 0 0 
73 124 0 0 0 0 0 0 
74 125 0 0 0 0 0 0 
75 126 0 0 0 0 0 0 
76 127 0 0 0 0 0 0 
77 128 0 0 0 0 0 0 
78 129 0 0 0 0 0 0 
79 130 0 0 0 0 0 0 
80 131 0 0 0 0 0 0 
61 132 0 0 0 0 0 0 
62 133 0 0 0 0 0 0 
63 134 0 0 0 0 0 0 
64 135 0 0 0 0 0 0 
65 136 0 0 0 0 0 0 
66 137 0 0 0 0 0 0 
67 138 0 0 0 0 0 0 
68 139 0 0 0 0 0 0 
69 140 0 0 0 0 0 0 
15 141 0 0 0 0 0 0 
16 142 0 0 0 0 0 0 
17 143 0 0 0 0 0 0 
18 144 0 0 0 0 0 0 
19 145 0 0 0 0 0 0 
20 146 0 0 0 0 0 0 
1 147 0 0 0 0 0 0 
2 148 0 0 0 0 0 0 
3 149 0 0 0 0 0 0 
4 150 0 0 0 0 0 0 
5 151 0 0 0 0 0 0 
6 152 0 0 0 0 0 0 
7 153 0 0 0 0 0 0 
8 154 0 0 0 0 0 0 
9 155 0 0 0 0 0 0 
10 156 0 0 0 0 0 0 
11 157 0 0 0 0 0 0 
12 158 0 0 0 0 0 0 
13 159 0 0 0 0 0 0 
14 160 0 0 0 0 0 0 
3 161 0 0 0 0 0 0 
4 162 0 0 0 0 0 0 
5 163 0 0 0 0 0 0 
6 164 0 0 0 0 0 0 
7 165 0 0 0 0 0 0 
8 166 0 0 0 0 0 0 
9 167 0 0 0 0 0 0 
10 168 0 0 0 0 0 0 
11 169 0 0 0 0 0 0 
12 170 0 0 0 0 0 0 
13 171 0 0 0 0 0 0 
14 172 0 0 0 0 0 0 
15 173 0 0 0 0 0 0 
16 174 0 0 0 0 0 0 
17 175 0 0 0 0 0 0 
18 176 0 0 0 0 0 0 
19 177 0 0 0 0 0 0 
20 178 0 0 0 0 0 0 
1 179 0 0 0 0 0 0 
2 180 0 0 0 0 0 0 
66 181 0 0 0 0 0 0 
67 182 0 0 0 0 0 0 
68 183 0 0 0 0 0 0 
69 184 0 0 0 0 0 0 
70 185 0 0 0 0 0 0 
71 186 0 0 0 0 0 0 
72 187 0 0 0 0 0 0 
73 188 0 0 0 0 0 0 
74 189 0 0 0 0 0 0 
75 190 0 0 0 0 0 0 
76 191 0 0 0 0 0 0 
77 192 0 0 0 0 0 0 
78 193 0 0 0 0 0 0 
79 194 0 0 0 0 0 0 
80 195 0 0 0 0 0 0 
61 196 0 0 0 0 0 0 
62 197 0 0 0 0 0 0 
63 198 0 0 0 0 0 0 
64 199 0 0 0 0 0 0 
65 200 0 0 0 0 0 0 
51 201 0 0 0 0 0 0 
52 202 0 0 0 0 0 0 
53 203 0 0 0 0 0 0 
54 204 0 0 0 0 0 0 
55 205 0 0 0 0 0 0 
56 206 0 0 0 0 0 0 
57 207 0 0 0 0 0 0 
58 208 0 0 0 0 0 0 
59 209 0 0 0 0 0 0 
60 210 0 0 0 0 0 0 
41 211 0 0 0 0 0 0 
42 212 0 0 0 0 0 0 
43 213 0 0 0 0 0 0 
44 214 0 0 0 0 0 0 
45 215 0 0 0 0 0 0 
46 216 0 0 0 0 0 0 
47 217 0 0 0 0 0 0 
48 218 0 0 0 0 0 0 
49 219 0 0 0 0 0 0 
50 220 0 0 0 0 0 0 
22 221 0 0 0 0 0 0 
23 222 0 0 0 0 0 0 
24 223 0 0 0 0 0 0 
25 224 0 0 0 0 0 0 
26 225 0 0 0 0 0 0 
27 226 0 0 0 0 0 0 
28 227 0 0 0 0 0 0 
29 228 0 0 0 0 0 0 
30 229 0 0 0 0 0 0 
31 230 0 0 0 0 0 0 
32 231 0 0 0 0 0 0 
33 232 0 0 0 0 0 0 
34 233 0 0 0 0 0 0 
35 234 0 0 0 0 0 0 
36 235 0 0 0 0 0 0 
37 236 0 0 0 0 0 0 
38 237 0 0 0 0 0 0 
39 238 0 0 0 0 0 0 
40 239 0 0 0 0 0 0 
21 240 0 0 0 0 0 0 
65 81 121 181 0 0 0 0 
66 82 122 182 0 0 0 0 
67 83 123 183 0 0 0 0 
68 84 124 184 0 0 0 0 
69 85 125 185 0 0 0 0 
70 86 126 186 0 0 0 0 
71 87 127 187 0 0 0 0 
72 88 128 188 0 0 0 0 
73 89 129 189 0 0 0 0 
74 90 130 190 0 0 0 0 
75 91 131 191 0 0 0 0 
76 92 132 192 0 0 0 0 
77 93 133 193 0 0 0 0 
78 94 134 194 0 0 0 0 
79 95 135 195 0 0 0 0 
80 96 136 196 0 0 0 0 
61 97 137 197 0 0 0 0 
62 98 138 198 0 0 0 0 
63 99 139 199 0 0 0 0 
64 100 140 200 0 0 0 0 
12 81 101 161 181 201 0 0 
13 82 102 162 182 202 0 0 
14 83 103 163 183 203 0 0 
15 84 104 164 184 204 0 0 
16 85 105 165 185 205 0 0 
17 86 106 166 186 206 0 0 
18 87 107 167 187 207 0 0 
19 88 108 168 188 208 0 0 
20 89 109 169 189 209 0 0 
1 90 110 170 190 210 0 0 
2 91 111 171 191 211 0 0 
3 92 112 172 192 212 0 0 
4 93 113 173 193 213 0 0 
5 94 114 174 194 214 0 0 
6 95 115 175 195 215 0 0 
7 96 116 176 196 216 0 0 
8 97 117 177 197 217 0 0 
9 98 118 178 198 218 0 0 
10 99 119 179 199 219 0 0 
11 100 120 180 200 220 0 0 
37 81 141 161 181 221 0 0 
38 82 142 162 182 222 0 0 
39 83 143 163 183 223 0 0 
40 84 144 164 184 224 0 0 
21 85 145 165 185 225 0 0 
22 86 146 166 186 226 0 0 
23 87 147 167 187 227 0 0 
24 88 148 168 188 228 0 0 
25 89 149 169 189 229 0 0 
26 90 150 170 190 230 0 0 
27 91 151 171 191 231 0 0 
28 92 152 172 192 232 0 0 
29 93 153 173 193 233 0 0 
30 94 154 174 194 234 0 0 
31 95 155 175 195 235 0 0 
32 96 156 176 196 236 0 0 
33 97 157 177 197 237 0 0 
34 98 158 178 198 238 0 0 
35 99 159 179 199 239 0 0 
36 100 160 180 200 240 0 0 
50 81 101 121 141 161 0 0 
51 82 102 122 142 162 0 0 
52 83 103 123 143 163 0 0 
53 84 104 124 144 164 0 0 
54 85 105 125 145 165 0 0 
55 86 106 126 146 166 0 0 
56 87 107 127 147 167 0 0 
57 88 108 128 148 168 0 0 
58 89 109 129 149 169 0 0 
59 90 110 130 150 170 0 0 
60 91 111 131 151 171 0 0 
41 92 112 132 152 172 0 0 
42 93 113 133 153 173 0 0 
43 94 114 134 154 174 0 0 
44 95 115 135 155 175 0 0 
45 96 116 136 156 176 0 0 
46 97 117 137 157 177 0 0 
47 98 118 138 158 178 0 0 
48 99 119 139 159 179 0 0 
49 100 120 140 160 180 0 0 
59 81 121 141 161 201 0 0 
60 82 122 142 162 202 0 0 
41 83 123 143 163 203 0 0 
42 84 124 144 164 204 0 0 
43 85 125 145 165 205 0 0 
44 86 126 146 166 206 0 0 
45 87 127 147 167 207 0 0 
46 88 128 148 168 208 0 0 
47 89 129 149 169 209 0 0 
48 90 130 150 170 210 0 0 
49 91 131 151 171 211 0 0 
50 92 132 152 172 212 0 0 
51 93 133 153 173 213 0 0 
52 94 134 154 174 214 0 0 
53 95 135 155 175 215 0 0 
54 96 136 156 176 216 0 0 
55 97 137 157 177 217 0 0 
56 98 138 158 178 218 0 0 
57 99 139 159 179 219 0 0 
58 100 140 160 180 220 0 0 
80 81 101 121 201 221 0 0 
61 82 102 122 202 222 0 0 
62 83 103 123 203 223 0 0 
63 84 104 124 204 224 0 0 
64 85 105 125 205 225 0 0 
65 86 106 126 206 226 0 0 
66 87 107 127 207 227 0 0 
67 88 108 128 208 228 0 0 
68 89 109 129 209 229 0 0 
69 90 110 130 210 230 0 0 
70 91 111 131 211 231 0 0 
71 92 112 132 212 232 0 0 
72 93 113 133 213 233 0 0 
73 94 114 134 214 234 0 0 
74 95 115 135 215 235 0 0 
75 96 116 136 216 236 0 0 
76 97 117 137 217 237 0 0 
77 98 118 138 218 238 0 0 
78 99 119 139 219 239 0 0 
79 100 120 140 220 240 0 0 
16 81 101 141 181 201 0 0 
17 82 102 142 182 202 0 0 
18 83 103 143 183 203 0 0 
19 84 104 144 184 204 0 0 
20 85 105 145 185 205 0 0 
1 86 106 146 186 206 0 0 
2 87 107 147 187 207 0 0 
3 88 108 148 188 208 0 0 
4 89 109 149 189 209 0 0 
5 90 110 150 190 210 0 0 
6 91 111 151 191 211 0 0 
7 92 112 152 192 212 0 0 
8 93 113 153 193 213 0 0 
9 94 114 154 194 214 0 0 
10 95 115 155 195 215 0 0 
11 96 116 156 196 216 0 0 
12 97 117 157 197 217 0 0 
13 98 118 158 198 218 0 0 
14 99 119 159 199 219 0 0 
15 100 120 160 200 220 0 0 
33 101 121 161 221 0 0 0 
34 102 122 162 222 0 0 0 
35 103 123 163 223 0 0 0 
36 104 124 164 224 0 0 0 
37 105 125 165 225 0 0 0 
38 106 126 166 226 0 0 0 
39 107 127 167 227 0 0 0 
40 108 128 168 228 0 0 0 
21 109 129 169 229 0 0 0 
22 110 130 170 230 0 0 0 
23 111 131 171 231 0 0 0 
24 112 132 172 232 0 0 0 
25 113 133 173 233 0 0 0 
26 114 134 174 234 0 0 0 
27 115 135 175 235 0 0 0 
28 116 136 176 236 0 0 0 
29 117 137 177 237 0 0 0 
30 118 138 178 238 0 0 0 
31 119 139 179 239 0 0 0 
32 120 140 180 240 0 0 0 
64 101 141 181 221 0 0 0 
65 102 142 182 222 0 0 0 
66 103 143 183 223 0 0 0 
67 104 144 184 224 0 0 0 
68 105 145 185 225 0 0 0 
69 106 146 186 226 0 0 0 
70 107 147 187 227 0 0 0 
71 108 148 188 228 0 0 0 
72 109 149 189 229 0 0 0 
73 110 150 190 230 0 0 0 
74 111 151 191 231 0 0 0 
75 112 152 192 232 0 0 0 
76 113 153 193 233 0 0 0 
77 114 154 194 234 0 0 0 
78 115 155 195 235 0 0 0 
79 116 156 196 236 0 0 0 
80 117 157 197 237 0 0 0 
61 118 158 198 238 0 0 0 
62 119 159 199 239 0 0 0 
63 120 160 200 240 0 0 0 
46 101 121 141 161 181 201 221 
47 102 122 142 162 182 202 222 
48 103 123 143 163 183 203 223 
49 104 124 144 164 184 204 224 
50 105 125 145 165 185 205 225 
51 106 126 146 166 186 206 226 
52 107 127 147 167 187 207 227 
53 108 128 148 168 188 208 228 
54 109 129 149 169 189 209 229 
55 110 130 150 170 190 210 230 
56 111 131 151 171 191 211 231 
57 112 132 152 172 192 212 232 
58 113 133 153 173 193 213 233 
59 114 134 154 174 194 214 234 
60 115 135 155 175 195 215 235 
41 116 136 156 176 196 216 236 
42 117 137 157 177 197 217 237 
43 118 138 158 178 198 218 238 
44 119 139 159 179 199 219 239 
45 120 140 160 180 200 220 240 
8 121 141 201 0 0 0 0 
9 122 142 202 0 0 0 0 
10 123 143 203 0 0 0 0 
11 124 144 204 0 0 0 0 
12 125 145 205 0 0 0 0 
13 126 146 206 0 0 0 0 
14 127 147 207 0 0 0 0 
15 128 148 208 0 0 0 0 
16 129 149 209 0 0 0 0 
17 130 150 210 0 0 0 0 
18 131 151 211 0 0 0 0 
19 132 152 212 0 0 0 0 
20 133 153 213 0 0 0 0 
1 134 154 214 0 0 0 0 
2 135 155 215 0 0 0 0 
3 136 156 216 0 0 0 0 
4 137 157 217 0 0 0 0 
5 138 158 218 0 0 0 0 
6 139 159 219 0 0 0 0 
7 140 160 220 0 0 0 0 
40 161 181 201 221 0 0 0 
21 162 182 202 222 0 0 0 
22 163 183 203 223 0 0 0 
23 164 184 204 224 0 0 0 
24 165 185 205 225 0 0 0 
25 166 186 206 226 0 0 0 
26 167 187 207 227 0 0 0 
27 168 188 208 228 0 0 0 
28 169 189 209 229 0 0 0 
29 170 190 210 230 0 0 0 
30 171 191 211 231 0 0 0 
31 172 192 212 232 0 0 0 
32 173 193 213 233 0 0 0 
33 174 194 214 234 0 0 0 
34 175 195 215 235 0 0 0 
35 176 196 216 236 0 0 0 
36 177 197 217 237 0 0 0 
37 178 198 218 238 0 0 0 
38 179 199 219 239 0 0 0 
39 180 200 220 240 0 0 0 
