80 40
3 6
1 25 33 
2 26 34 
3 27 35 
4 28 36 
5 29 37 
6 30 38 
7 31 39 
8 32 40 
1 9 40 
2 10 33 
3 11 34 
4 12 35 
5 13 36 
6 14 37 
7 15 38 
8 16 39 
1 12 17 
2 13 18 
3 14 19 
4 15 20 
5 16 21 
6 9 22 
7 10 23 
8 11 24 
9 21 27 
10 22 28 
11 23 29 
12 24 30 
13 17 31 
14 18 32 
15 19 25 
16 20 26 
1 23 26 
2 24 27 
3 17 28 
4 18 29 
5 19 30 
6 20 31 
7 21 32 
8 22 25 
9 29 39 
10 30 40 
11 31 33 
12 32 34 
13 25 35 
14 26 36 
15 27 37 
16 28 38 
1 18 38 
2 19 39 
3 20 40 
4 21 33 
5 22 34 
6 23 35 
7 24 36 
8 17 37 
1 11 27 
2 12 28 
3 13 29 
4 14 30 
5 15 31 
6 16 32 
7 9 25 
8 10 26 
9 17 38 
10 18 39 
11 19 40 
12 20 33 
13 21 34 
14 22 35 
15 23 36 
16 24 37 
17 29 34 
18 30 35 
19 31 36 
20 32 37 
21 25 38 
22 26 39 
23 27 40 
24 28 33 
1 9 17 33 49 57 
2 10 18 34 50 58 
3 11 19 35 51 59 
4 12 20 36 52 60 
5 13 21 37 53 61 
6 14 22 38 54 62 
7 15 23 39 55 63 
8 16 24 40 56 64 
9 22 25 41 63 65 
10 23 26 42 64 66 
11 24 27 43 57 67 
12 17 28 44 58 68 
13 18 29 45 59 69 
14 19 30 46 60 70 
15 20 31 47 61 71 
16 21 32 48 62 72 
17 29 35 56 65 73 
18 30 36 49 66 74 
19 31 37 50 67 75 
20 32 38 51 68 76 
21 25 39 52 69 77 
22 26 40 53 70 78 
23 27 33 54 71 79 
24 28 34 55 72 80 
1 31 40 45 63 77 
2 32 33 46 64 78 
3 25 34 47 57 79 
4 26 35 48 58 80 
5 27 36 41 59 73 
6 28 37 42 60 74 
7 29 38 43 61 75 
8 30 39 44 62 76 
1 10 43 52 68 80 
2 11 44 53 69 73 
3 12 45 54 70 74 
4 13 46 55 71 75 
5 14 47 56 72 76 
6 15 48 49 65 77 
7 16 41 50 66 78 
8 9 42 51 67 79 
