400 200
3 6
1 121 161 
2 122 162 
3 123 163 
4 124 164 
5 125 165 
6 126 166 
7 127 167 
8 128 168 
9 129 169 
10 130 170 
11 131 171 
12 132 172 
13 133 173 
14 134 174 
15 135 175 
16 136 176 
17 137 177 
18 138 178 
19 139 179 
20 140 180 
21 141 181 
22 142 182 
23 143 183 
24 144 184 
25 145 185 
26 146 186 
27 147 187 
28 148 188 
29 149 189 
30 150 190 
31 151 191 
32 152 192 
33 153 193 
34 154 194 
35 155 195 
36 156 196 
37 157 197 
38 158 198 
39 159 199 
40 160 200 
1 41 200 
2 42 161 
3 43 162 
4 44 163 
5 45 164 
6 46 165 
7 47 166 
8 48 167 
9 49 168 
10 50 169 
11 51 170 
12 52 171 
13 53 172 
14 54 173 
15 55 174 
16 56 175 
17 57 176 
18 58 177 
19 59 178 
20 60 179 
21 61 180 
22 62 181 
23 63 182 
24 64 183 
25 65 184 
26 66 185 
27 67 186 
28 68 187 
29 69 188 
30 70 189 
31 71 190 
32 72 191 
33 73 192 
34 74 193 
35 75 194 
36 76 195 
37 77 196 
38 78 197 
39 79 198 
40 80 199 
1 60 81 
2 61 82 
3 62 83 
4 63 84 
5 64 85 
6 65 86 
7 66 87 
8 67 88 
9 68 89 
10 69 90 
11 70 91 
12 71 92 
13 72 93 
14 73 94 
15 74 95 
16 75 96 
17 76 97 
18 77 98 
19 78 99 
20 79 100 
21 80 101 
22 41 102 
23 42 103 
24 43 104 
25 44 105 
26 45 106 
27 46 107 
28 47 108 
29 48 109 
30 49 110 
31 50 111 
32 51 112 
33 52 113 
34 53 114 
35 54 115 
36 55 116 
37 56 117 
38 57 118 
39 58 119 
40 59 120 
41 110 125 
42 111 126 
43 112 127 
44 113 128 
45 114 129 
46 115 130 
47 116 131 
48 117 132 
49 118 133 
50 119 134 
51 120 135 
52 81 136 
53 82 137 
54 83 138 
55 84 139 
56 85 140 
57 86 141 
58 87 142 
59 88 143 
60 89 144 
61 90 145 
62 91 146 
63 92 147 
64 93 148 
65 94 149 
66 95 150 
67 96 151 
68 97 152 
69 98 153 
70 99 154 
71 100 155 
72 101 156 
73 102 157 
74 103 158 
75 104 159 
76 105 160 
77 106 121 
78 107 122 
79 108 123 
80 109 124 
1 115 128 
2 116 129 
3 117 130 
4 118 131 
5 119 132 
6 120 133 
7 81 134 
8 82 135 
9 83 136 
10 84 137 
11 85 138 
12 86 139 
13 87 140 
14 88 141 
15 89 142 
16 90 143 
17 91 144 
18 92 145 
19 93 146 
20 94 147 
21 95 148 
22 96 149 
23 97 150 
24 98 151 
25 99 152 
26 100 153 
27 101 154 
28 102 155 
29 103 156 
30 104 157 
31 105 158 
32 106 159 
33 107 160 
34 108 121 
35 109 122 
36 110 123 
37 111 124 
38 112 125 
39 113 126 
40 114 127 
41 137 171 
42 138 172 
43 139 173 
44 140 174 
45 141 175 
46 142 176 
47 143 177 
48 144 178 
49 145 179 
50 146 180 
51 147 181 
52 148 182 
53 149 183 
54 150 184 
55 151 185 
56 152 186 
57 153 187 
58 154 188 
59 155 189 
60 156 190 
61 157 191 
62 158 192 
63 159 193 
64 160 194 
65 121 195 
66 122 196 
67 123 197 
68 124 198 
69 125 199 
70 126 200 
71 127 161 
72 128 162 
73 129 163 
74 130 164 
75 131 165 
76 132 166 
77 133 167 
78 134 168 
79 135 169 
80 136 170 
1 104 188 
2 105 189 
3 106 190 
4 107 191 
5 108 192 
6 109 193 
7 110 194 
8 111 195 
9 112 196 
10 113 197 
11 114 198 
12 115 199 
13 116 200 
14 117 161 
15 118 162 
16 119 163 
17 120 164 
18 81 165 
19 82 166 
20 83 167 
21 84 168 
22 85 169 
23 86 170 
24 87 171 
25 88 172 
26 89 173 
27 90 174 
28 91 175 
29 92 176 
30 93 177 
31 94 178 
32 95 179 
33 96 180 
34 97 181 
35 98 182 
36 99 183 
37 100 184 
38 101 185 
39 102 186 
40 103 187 
1 57 152 
2 58 153 
3 59 154 
4 60 155 
5 61 156 
6 62 157 
7 63 158 
8 64 159 
9 65 160 
10 66 121 
11 67 122 
12 68 123 
13 69 124 
14 70 125 
15 71 126 
16 72 127 
17 73 128 
18 74 129 
19 75 130 
20 76 131 
21 77 132 
22 78 133 
23 79 134 
24 80 135 
25 41 136 
26 42 137 
27 43 138 
28 44 139 
29 45 140 
30 46 141 
31 47 142 
32 48 143 
33 49 144 
34 50 145 
35 51 146 
36 52 147 
37 53 148 
38 54 149 
39 55 150 
40 56 151 
41 95 189 
42 96 190 
43 97 191 
44 98 192 
45 99 193 
46 100 194 
47 101 195 
48 102 196 
49 103 197 
50 104 198 
51 105 199 
52 106 200 
53 107 161 
54 108 162 
55 109 163 
56 110 164 
57 111 165 
58 112 166 
59 113 167 
60 114 168 

61 115 169 
62 116 170 
63 117 171 
64 118 172 
65 119 173 
66 120 174 
67 81 175 
68 82 176 
69 83 177 
70 84 178 
71 85 179 
72 86 180 
73 87 181 
74 88 182 
75 89 183 
76 90 184 
77 91 185 
78 92 186 
79 93 187 
80 94 188 
81 143 169 
82 144 170 
83 145 171 
84 146 172 
85 147 173 
86 148 174 
87 149 175 
88 150 176 
89 151 177 
90 152 178 
91 153 179 
92 154 180 
93 155 181 
94 156 182 
95 157 183 
96 158 184 
97 159 185 
98 160 186 
99 121 187 
100 122 188 
101 123 189 
102 124 190 
103 125 191 
104 126 192 
105 127 193 
106 128 194 
107 129 195 
108 130 196 
109 131 197 
110 132 198 
111 133 199 
112 134 200 
113 135 161 
114 136 162 
115 137 163 
116 138 164 
117 139 165 
118 140 166 
119 141 167 
120 142 168 
1 41 81 161 241 281 
2 42 82 162 242 282 
3 43 83 163 243 283 
4 44 84 164 244 284 
5 45 85 165 245 285 
6 46 86 166 246 286 
7 47 87 167 247 287 
8 48 88 168 248 288 
9 49 89 169 249 289 
10 50 90 170 250 290 
11 51 91 171 251 291 
12 52 92 172 252 292 
13 53 93 173 253 293 
14 54 94 174 254 294 
15 55 95 175 255 295 
16 56 96 176 256 296 
17 57 97 177 257 297 
18 58 98 178 258 298 
19 59 99 179 259 299 
20 60 100 180 260 300 
21 61 101 181 261 301 
22 62 102 182 262 302 
23 63 103 183 263 303 
24 64 104 184 264 304 
25 65 105 185 265 305 
26 66 106 186 266 306 
27 67 107 187 267 307 
28 68 108 188 268 308 
29 69 109 189 269 309 
30 70 110 190 270 310 
31 71 111 191 271 311 
32 72 112 192 272 312 
33 73 113 193 273 313 
34 74 114 194 274 314 
35 75 115 195 275 315 
36 76 116 196 276 316 
37 77 117 197 277 317 
38 78 118 198 278 318 
39 79 119 199 279 319 
40 80 120 200 280 320 
41 102 121 201 305 321 
42 103 122 202 306 322 
43 104 123 203 307 323 
44 105 124 204 308 324 
45 106 125 205 309 325 
46 107 126 206 310 326 
47 108 127 207 311 327 
48 109 128 208 312 328 
49 110 129 209 313 329 
50 111 130 210 314 330 
51 112 131 211 315 331 
52 113 132 212 316 332 
53 114 133 213 317 333 
54 115 134 214 318 334 
55 116 135 215 319 335 
56 117 136 216 320 336 
57 118 137 217 281 337 
58 119 138 218 282 338 
59 120 139 219 283 339 
60 81 140 220 284 340 
61 82 141 221 285 341 
62 83 142 222 286 342 
63 84 143 223 287 343 
64 85 144 224 288 344 
65 86 145 225 289 345 
66 87 146 226 290 346 
67 88 147 227 291 347 
68 89 148 228 292 348 
69 90 149 229 293 349 
70 91 150 230 294 350 
71 92 151 231 295 351 
72 93 152 232 296 352 
73 94 153 233 297 353 
74 95 154 234 298 354 
75 96 155 235 299 355 
76 97 156 236 300 356 
77 98 157 237 301 357 
78 99 158 238 302 358 
79 100 159 239 303 359 
80 101 160 240 304 360 
81 132 167 258 347 361 
82 133 168 259 348 362 
83 134 169 260 349 363 
84 135 170 261 350 364 
85 136 171 262 351 365 
86 137 172 263 352 366 
87 138 173 264 353 367 
88 139 174 265 354 368 
89 140 175 266 355 369 
90 141 176 267 356 370 
91 142 177 268 357 371 
92 143 178 269 358 372 
93 144 179 270 359 373 
94 145 180 271 360 374 
95 146 181 272 321 375 
96 147 182 273 322 376 
97 148 183 274 323 377 
98 149 184 275 324 378 
99 150 185 276 325 379 
100 151 186 277 326 380 
101 152 187 278 327 381 
102 153 188 279 328 382 
103 154 189 280 329 383 
104 155 190 241 330 384 
105 156 191 242 331 385 
106 157 192 243 332 386 
107 158 193 244 333 387 
108 159 194 245 334 388 
109 160 195 246 335 389 
110 121 196 247 336 390 
111 122 197 248 337 391 
112 123 198 249 338 392 
113 124 199 250 339 393 
114 125 200 251 340 394 
115 126 161 252 341 395 
116 127 162 253 342 396 
117 128 163 254 343 397 
118 129 164 255 344 398 
119 130 165 256 345 399 
120 131 166 257 346 400 
1 157 194 225 290 379 
2 158 195 226 291 380 
3 159 196 227 292 381 
4 160 197 228 293 382 
5 121 198 229 294 383 
6 122 199 230 295 384 
7 123 200 231 296 385 
8 124 161 232 297 386 
9 125 162 233 298 387 
10 126 163 234 299 388 
11 127 164 235 300 389 
12 128 165 236 301 390 
13 129 166 237 302 391 
14 130 167 238 303 392 
15 131 168 239 304 393 
16 132 169 240 305 394 
17 133 170 201 306 395 
18 134 171 202 307 396 
19 135 172 203 308 397 
20 136 173 204 309 398 
21 137 174 205 310 399 
22 138 175 206 311 400 
23 139 176 207 312 361 
24 140 177 208 313 362 
25 141 178 209 314 363 
26 142 179 210 315 364 
27 143 180 211 316 365 
28 144 181 212 317 366 
29 145 182 213 318 367 
30 146 183 214 319 368 
31 147 184 215 320 369 
32 148 185 216 281 370 
33 149 186 217 282 371 
34 150 187 218 283 372 
35 151 188 219 284 373 
36 152 189 220 285 374 
37 153 190 221 286 375 
38 154 191 222 287 376 
39 155 192 223 288 377 
40 156 193 224 289 378 
1 42 231 254 333 393 
2 43 232 255 334 394 
3 44 233 256 335 395 
4 45 234 257 336 396 
5 46 235 258 337 397 
6 47 236 259 338 398 
7 48 237 260 339 399 
8 49 238 261 340 400 
9 50 239 262 341 361 
10 51 240 263 342 362 
11 52 201 264 343 363 
12 53 202 265 344 364 
13 54 203 266 345 365 
14 55 204 267 346 366 
15 56 205 268 347 367 
16 57 206 269 348 368 
17 58 207 270 349 369 
18 59 208 271 350 370 
19 60 209 272 351 371 
20 61 210 273 352 372 
21 62 211 274 353 373 
22 63 212 275 354 374 
23 64 213 276 355 375 
24 65 214 277 356 376 
25 66 215 278 357 377 
26 67 216 279 358 378 
27 68 217 280 359 379 
28 69 218 241 360 380 
29 70 219 242 321 381 
30 71 220 243 322 382 
31 72 221 244 323 383 
32 73 222 245 324 384 
33 74 223 246 325 385 
34 75 224 247 326 386 
35 76 225 248 327 387 
36 77 226 249 328 388 
37 78 227 250 329 389 
38 79 228 251 330 390 
39 80 229 252 331 391 
40 41 230 253 332 392 
