624 312
8 11
1 27 105 157 183 261 0 0 
2 28 106 158 184 262 0 0 
3 29 107 159 185 263 0 0 
4 30 108 160 186 264 0 0 
5 31 109 161 187 265 0 0 
6 32 110 162 188 266 0 0 
7 33 111 163 189 267 0 0 
8 34 112 164 190 268 0 0 
9 35 113 165 191 269 0 0 
10 36 114 166 192 270 0 0 
11 37 115 167 193 271 0 0 
12 38 116 168 194 272 0 0 
13 39 117 169 195 273 0 0 
14 40 118 170 196 274 0 0 
15 41 119 171 197 275 0 0 
16 42 120 172 198 276 0 0 
17 43 121 173 199 277 0 0 
18 44 122 174 200 278 0 0 
19 45 123 175 201 279 0 0 
20 46 124 176 202 280 0 0 
21 47 125 177 203 281 0 0 
22 48 126 178 204 282 0 0 
23 49 127 179 205 283 0 0 
24 50 128 180 206 284 0 0 
25 51 129 181 207 285 0 0 
26 52 130 182 208 286 0 0 
52 78 156 183 209 287 0 0 
27 53 131 184 210 288 0 0 
28 54 132 185 211 289 0 0 
29 55 133 186 212 290 0 0 
30 56 134 187 213 291 0 0 
31 57 135 188 214 292 0 0 
32 58 136 189 215 293 0 0 
33 59 137 190 216 294 0 0 
34 60 138 191 217 295 0 0 
35 61 139 192 218 296 0 0 
36 62 140 193 219 297 0 0 
37 63 141 194 220 298 0 0 
38 64 142 195 221 299 0 0 
39 65 143 196 222 300 0 0 
40 66 144 197 223 301 0 0 
41 67 145 198 224 302 0 0 
42 68 146 199 225 303 0 0 
43 69 147 200 226 304 0 0 
44 70 148 201 227 305 0 0 
45 71 149 202 228 306 0 0 
46 72 150 203 229 307 0 0 
47 73 151 204 230 308 0 0 
48 74 152 205 231 309 0 0 
49 75 153 206 232 310 0 0 
50 76 154 207 233 311 0 0 
51 77 155 208 234 312 0 0 
12 64 90 157 209 235 0 0 
13 65 91 158 210 236 0 0 
14 66 92 159 211 237 0 0 
15 67 93 160 212 238 0 0 
16 68 94 161 213 239 0 0 
17 69 95 162 214 240 0 0 
18 70 96 163 215 241 0 0 
19 71 97 164 216 242 0 0 
20 72 98 165 217 243 0 0 
21 73 99 166 218 244 0 0 
22 74 100 167 219 245 0 0 
23 75 101 168 220 246 0 0 
24 76 102 169 221 247 0 0 
25 77 103 170 222 248 0 0 
26 78 104 171 223 249 0 0 
1 53 79 172 224 250 0 0 
2 54 80 173 225 251 0 0 
3 55 81 174 226 252 0 0 
4 56 82 175 227 253 0 0 
5 57 83 176 228 254 0 0 
6 58 84 177 229 255 0 0 
7 59 85 178 230 256 0 0 
8 60 86 179 231 257 0 0 
9 61 87 180 232 258 0 0 
10 62 88 181 233 259 0 0 
11 63 89 182 234 260 0 0 
20 98 124 183 235 261 0 0 
21 99 125 184 236 262 0 0 
22 100 126 185 237 263 0 0 
23 101 127 186 238 264 0 0 
24 102 128 187 239 265 0 0 
25 103 129 188 240 266 0 0 
26 104 130 189 241 267 0 0 
1 79 105 190 242 268 0 0 
2 80 106 191 243 269 0 0 
3 81 107 192 244 270 0 0 
4 82 108 193 245 271 0 0 
5 83 109 194 246 272 0 0 
6 84 110 195 247 273 0 0 
7 85 111 196 248 274 0 0 
8 86 112 197 249 275 0 0 
9 87 113 198 250 276 0 0 
10 88 114 199 251 277 0 0 
11 89 115 200 252 278 0 0 
12 90 116 201 253 279 0 0 
13 91 117 202 254 280 0 0 
14 92 118 203 255 281 0 0 
15 93 119 204 256 282 0 0 
16 94 120 205 257 283 0 0 
17 95 121 206 258 284 0 0 
18 96 122 207 259 285 0 0 
19 97 123 208 260 286 0 0 
30 108 134 209 261 287 0 0 
31 109 135 210 262 288 0 0 
32 110 136 211 263 289 0 0 
33 111 137 212 264 290 0 0 
34 112 138 213 265 291 0 0 
35 113 139 214 266 292 0 0 
36 114 140 215 267 293 0 0 
37 115 141 216 268 294 0 0 
38 116 142 217 269 295 0 0 
39 117 143 218 270 296 0 0 
40 118 144 219 271 297 0 0 
41 119 145 220 272 298 0 0 
42 120 146 221 273 299 0 0 
43 121 147 222 274 300 0 0 
44 122 148 223 275 301 0 0 
45 123 149 224 276 302 0 0 
46 124 150 225 277 303 0 0 
47 125 151 226 278 304 0 0 
48 126 152 227 279 305 0 0 
49 127 153 228 280 306 0 0 
50 128 154 229 281 307 0 0 
51 129 155 230 282 308 0 0 
52 130 156 231 283 309 0 0 
27 105 131 232 284 310 0 0 
28 106 132 233 285 311 0 0 
29 107 133 234 286 312 0 0 
22 100 152 157 235 287 0 0 
23 101 153 158 236 288 0 0 
24 102 154 159 237 289 0 0 
25 103 155 160 238 290 0 0 
26 104 156 161 239 291 0 0 
1 79 131 162 240 292 0 0 
2 80 132 163 241 293 0 0 
3 81 133 164 242 294 0 0 
4 82 134 165 243 295 0 0 
5 83 135 166 244 296 0 0 
6 84 136 167 245 297 0 0 
7 85 137 168 246 298 0 0 
8 86 138 169 247 299 0 0 
9 87 139 170 248 300 0 0 
10 88 140 171 249 301 0 0 
11 89 141 172 250 302 0 0 
12 90 142 173 251 303 0 0 
13 91 143 174 252 304 0 0 
14 92 144 175 253 305 0 0 
15 93 145 176 254 306 0 0 
16 94 146 177 255 307 0 0 
17 95 147 178 256 308 0 0 
18 96 148 179 257 309 0 0 
19 97 149 180 258 310 0 0 
20 98 150 181 259 311 0 0 
21 99 151 182 260 312 0 0 
17 157 0 0 0 0 0 0 
18 158 0 0 0 0 0 0 
19 159 0 0 0 0 0 0 
20 160 0 0 0 0 0 0 
21 161 0 0 0 0 0 0 
22 162 0 0 0 0 0 0 
23 163 0 0 0 0 0 0 
24 164 0 0 0 0 0 0 
25 165 0 0 0 0 0 0 
26 166 0 0 0 0 0 0 
1 167 0 0 0 0 0 0 
2 168 0 0 0 0 0 0 
3 169 0 0 0 0 0 0 
4 170 0 0 0 0 0 0 
5 171 0 0 0 0 0 0 
6 172 0 0 0 0 0 0 
7 173 0 0 0 0 0 0 
8 174 0 0 0 0 0 0 
9 175 0 0 0 0 0 0 
10 176 0 0 0 0 0 0 
11 177 0 0 0 0 0 0 
12 178 0 0 0 0 0 0 
13 179 0 0 0 0 0 0 
14 180 0 0 0 0 0 0 
15 181 0 0 0 0 0 0 
16 182 0 0 0 0 0 0 
42 183 0 0 0 0 0 0 
43 184 0 0 0 0 0 0 
44 185 0 0 0 0 0 0 
45 186 0 0 0 0 0 0 
46 187 0 0 0 0 0 0 
47 188 0 0 0 0 0 0 
48 189 0 0 0 0 0 0 
49 190 0 0 0 0 0 0 
50 191 0 0 0 0 0 0 
51 192 0 0 0 0 0 0 
52 193 0 0 0 0 0 0 
27 194 0 0 0 0 0 0 
28 195 0 0 0 0 0 0 
29 196 0 0 0 0 0 0 
30 197 0 0 0 0 0 0 
31 198 0 0 0 0 0 0 
32 199 0 0 0 0 0 0 
33 200 0 0 0 0 0 0 
34 201 0 0 0 0 0 0 
35 202 0 0 0 0 0 0 
36 203 0 0 0 0 0 0 
37 204 0 0 0 0 0 0 
38 205 0 0 0 0 0 0 
39 206 0 0 0 0 0 0 
40 207 0 0 0 0 0 0 
41 208 0 0 0 0 0 0 
63 209 0 0 0 0 0 0 
64 210 0 0 0 0 0 0 
65 211 0 0 0 0 0 0 
66 212 0 0 0 0 0 0 
67 213 0 0 0 0 0 0 
68 214 0 0 0 0 0 0 
69 215 0 0 0 0 0 0 
70 216 0 0 0 0 0 0 
71 217 0 0 0 0 0 0 
72 218 0 0 0 0 0 0 
73 219 0 0 0 0 0 0 
74 220 0 0 0 0 0 0 
75 221 0 0 0 0 0 0 
76 222 0 0 0 0 0 0 
77 223 0 0 0 0 0 0 
78 224 0 0 0 0 0 0 
53 225 0 0 0 0 0 0 
54 226 0 0 0 0 0 0 
55 227 0 0 0 0 0 0 
56 228 0 0 0 0 0 0 
57 229 0 0 0 0 0 0 
58 230 0 0 0 0 0 0 
59 231 0 0 0 0 0 0 
60 232 0 0 0 0 0 0 
61 233 0 0 0 0 0 0 
62 234 0 0 0 0 0 0 
87 235 0 0 0 0 0 0 
88 236 0 0 0 0 0 0 
89 237 0 0 0 0 0 0 
90 238 0 0 0 0 0 0 
91 239 0 0 0 0 0 0 
92 240 0 0 0 0 0 0 
93 241 0 0 0 0 0 0 
94 242 0 0 0 0 0 0 
95 243 0 0 0 0 0 0 
96 244 0 0 0 0 0 0 
97 245 0 0 0 0 0 0 
98 246 0 0 0 0 0 0 
99 247 0 0 0 0 0 0 
100 248 0 0 0 0 0 0 
101 249 0 0 0 0 0 0 
102 250 0 0 0 0 0 0 
103 251 0 0 0 0 0 0 
104 252 0 0 0 0 0 0 
79 253 0 0 0 0 0 0 
80 254 0 0 0 0 0 0 
81 255 0 0 0 0 0 0 
82 256 0 0 0 0 0 0 
83 257 0 0 0 0 0 0 
84 258 0 0 0 0 0 0 
85 259 0 0 0 0 0 0 
86 260 0 0 0 0 0 0 
119 261 0 0 0 0 0 0 
120 262 0 0 0 0 0 0 
121 263 0 0 0 0 0 0 
122 264 0 0 0 0 0 0 
123 265 0 0 0 0 0 0 
124 266 0 0 0 0 0 0 
125 267 0 0 0 0 0 0 
126 268 0 0 0 0 0 0 
127 269 0 0 0 0 0 0 
128 270 0 0 0 0 0 0 
129 271 0 0 0 0 0 0 
130 272 0 0 0 0 0 0 
105 273 0 0 0 0 0 0 
106 274 0 0 0 0 0 0 
107 275 0 0 0 0 0 0 
108 276 0 0 0 0 0 0 
109 277 0 0 0 0 0 0 
110 278 0 0 0 0 0 0 
111 279 0 0 0 0 0 0 
112 280 0 0 0 0 0 0 
113 281 0 0 0 0 0 0 
114 282 0 0 0 0 0 0 
115 283 0 0 0 0 0 0 
116 284 0 0 0 0 0 0 
117 285 0 0 0 0 0 0 
118 286 0 0 0 0 0 0 
153 287 0 0 0 0 0 0 
154 288 0 0 0 0 0 0 
155 289 0 0 0 0 0 0 
156 290 0 0 0 0 0 0 
131 291 0 0 0 0 0 0 
132 292 0 0 0 0 0 0 
133 293 0 0 0 0 0 0 
134 294 0 0 0 0 0 0 
135 295 0 0 0 0 0 0 
136 296 0 0 0 0 0 0 
137 297 0 0 0 0 0 0 
138 298 0 0 0 0 0 0 
139 299 0 0 0 0 0 0 
140 300 0 0 0 0 0 0 
141 301 0 0 0 0 0 0 
142 302 0 0 0 0 0 0 
143 303 0 0 0 0 0 0 
144 304 0 0 0 0 0 0 
145 305 0 0 0 0 0 0 
146 306 0 0 0 0 0 0 
147 307 0 0 0 0 0 0 
148 308 0 0 0 0 0 0 
149 309 0 0 0 0 0 0 
150 310 0 0 0 0 0 0 
151 311 0 0 0 0 0 0 
152 312 0 0 0 0 0 0 
14 40 92 157 183 235 0 0 
15 41 93 158 184 236 0 0 
16 42 94 159 185 237 0 0 
17 43 95 160 186 238 0 0 
18 44 96 161 187 239 0 0 
19 45 97 162 188 240 0 0 
20 46 98 163 189 241 0 0 
21 47 99 164 190 242 0 0 
22 48 100 165 191 243 0 0 
23 49 101 166 192 244 0 0 
24 50 102 167 193 245 0 0 
25 51 103 168 194 246 0 0 
26 52 104 169 195 247 0 0 
1 27 79 170 196 248 0 0 
2 28 80 171 197 249 0 0 
3 29 81 172 198 250 0 0 
4 30 82 173 199 251 0 0 
5 31 83 174 200 252 0 0 
6 32 84 175 201 253 0 0 
7 33 85 176 202 254 0 0 
8 34 86 177 203 255 0 0 
9 35 87 178 204 256 0 0 
10 36 88 179 205 257 0 0 
11 37 89 180 206 258 0 0 
12 38 90 181 207 259 0 0 
13 39 91 182 208 260 0 0 
51 77 129 183 209 261 0 0 
52 78 130 184 210 262 0 0 
27 53 105 185 211 263 0 0 
28 54 106 186 212 264 0 0 
29 55 107 187 213 265 0 0 
30 56 108 188 214 266 0 0 
31 57 109 189 215 267 0 0 
32 58 110 190 216 268 0 0 
33 59 111 191 217 269 0 0 
34 60 112 192 218 270 0 0 
35 61 113 193 219 271 0 0 
36 62 114 194 220 272 0 0 
37 63 115 195 221 273 0 0 
38 64 116 196 222 274 0 0 
39 65 117 197 223 275 0 0 
40 66 118 198 224 276 0 0 
41 67 119 199 225 277 0 0 
42 68 120 200 226 278 0 0 
43 69 121 201 227 279 0 0 
44 70 122 202 228 280 0 0 
45 71 123 203 229 281 0 0 
46 72 124 204 230 282 0 0 
47 73 125 205 231 283 0 0 
48 74 126 206 232 284 0 0 
49 75 127 207 233 285 0 0 
50 76 128 208 234 286 0 0 
76 102 154 209 235 287 0 0 
77 103 155 210 236 288 0 0 
78 104 156 211 237 289 0 0 
53 79 131 212 238 290 0 0 
54 80 132 213 239 291 0 0 
55 81 133 214 240 292 0 0 
56 82 134 215 241 293 0 0 
57 83 135 216 242 294 0 0 
58 84 136 217 243 295 0 0 
59 85 137 218 244 296 0 0 
60 86 138 219 245 297 0 0 
61 87 139 220 246 298 0 0 
62 88 140 221 247 299 0 0 
63 89 141 222 248 300 0 0 
64 90 142 223 249 301 0 0 
65 91 143 224 250 302 0 0 
66 92 144 225 251 303 0 0 
67 93 145 226 252 304 0 0 
68 94 146 227 253 305 0 0 
69 95 147 228 254 306 0 0 
70 96 148 229 255 307 0 0 
71 97 149 230 256 308 0 0 
72 98 150 231 257 309 0 0 
73 99 151 232 258 310 0 0 
74 100 152 233 259 311 0 0 
75 101 153 234 260 312 0 0 
19 71 123 157 235 261 0 0 
20 72 124 158 236 262 0 0 
21 73 125 159 237 263 0 0 
22 74 126 160 238 264 0 0 
23 75 127 161 239 265 0 0 
24 76 128 162 240 266 0 0 
25 77 129 163 241 267 0 0 
26 78 130 164 242 268 0 0 
1 53 105 165 243 269 0 0 
2 54 106 166 244 270 0 0 
3 55 107 167 245 271 0 0 
4 56 108 168 246 272 0 0 
5 57 109 169 247 273 0 0 
6 58 110 170 248 274 0 0 
7 59 111 171 249 275 0 0 
8 60 112 172 250 276 0 0 
9 61 113 173 251 277 0 0 
10 62 114 174 252 278 0 0 
11 63 115 175 253 279 0 0 
12 64 116 176 254 280 0 0 
13 65 117 177 255 281 0 0 
14 66 118 178 256 282 0 0 
15 67 119 179 257 283 0 0 
16 68 120 180 258 284 0 0 
17 69 121 181 259 285 0 0 
18 70 122 182 260 286 0 0 
39 91 143 183 261 287 0 0 
40 92 144 184 262 288 0 0 
41 93 145 185 263 289 0 0 
42 94 146 186 264 290 0 0 
43 95 147 187 265 291 0 0 
44 96 148 188 266 292 0 0 
45 97 149 189 267 293 0 0 
46 98 150 190 268 294 0 0 
47 99 151 191 269 295 0 0 
48 100 152 192 270 296 0 0 
49 101 153 193 271 297 0 0 
50 102 154 194 272 298 0 0 
51 103 155 195 273 299 0 0 
52 104 156 196 274 300 0 0 
27 79 131 197 275 301 0 0 
28 80 132 198 276 302 0 0 
29 81 133 199 277 303 0 0 
30 82 134 200 278 304 0 0 
31 83 135 201 279 305 0 0 
32 84 136 202 280 306 0 0 
33 85 137 203 281 307 0 0 
34 86 138 204 282 308 0 0 
35 87 139 205 283 309 0 0 
36 88 140 206 284 310 0 0 
37 89 141 207 285 311 0 0 
38 90 142 208 286 312 0 0 
6 32 58 84 110 157 209 287 
7 33 59 85 111 158 210 288 
8 34 60 86 112 159 211 289 
9 35 61 87 113 160 212 290 
10 36 62 88 114 161 213 291 
11 37 63 89 115 162 214 292 
12 38 64 90 116 163 215 293 
13 39 65 91 117 164 216 294 
14 40 66 92 118 165 217 295 
15 41 67 93 119 166 218 296 
16 42 68 94 120 167 219 297 
17 43 69 95 121 168 220 298 
18 44 70 96 122 169 221 299 
19 45 71 97 123 170 222 300 
20 46 72 98 124 171 223 301 
21 47 73 99 125 172 224 302 
22 48 74 100 126 173 225 303 
23 49 75 101 127 174 226 304 
24 50 76 102 128 175 227 305 
25 51 77 103 129 176 228 306 
26 52 78 104 130 177 229 307 
1 27 53 79 105 178 230 308 
2 28 54 80 106 179 231 309 
3 29 55 81 107 180 232 310 
4 30 56 82 108 181 233 311 
5 31 57 83 109 182 234 312 
7 33 59 157 183 209 0 0 
8 34 60 158 184 210 0 0 
9 35 61 159 185 211 0 0 
10 36 62 160 186 212 0 0 
11 37 63 161 187 213 0 0 
12 38 64 162 188 214 0 0 
13 39 65 163 189 215 0 0 
14 40 66 164 190 216 0 0 
15 41 67 165 191 217 0 0 
16 42 68 166 192 218 0 0 
17 43 69 167 193 219 0 0 
18 44 70 168 194 220 0 0 
19 45 71 169 195 221 0 0 
20 46 72 170 196 222 0 0 
21 47 73 171 197 223 0 0 
22 48 74 172 198 224 0 0 
23 49 75 173 199 225 0 0 
24 50 76 174 200 226 0 0 
25 51 77 175 201 227 0 0 
26 52 78 176 202 228 0 0 
1 27 53 177 203 229 0 0 
2 28 54 178 204 230 0 0 
3 29 55 179 205 231 0 0 
4 30 56 180 206 232 0 0 
5 31 57 181 207 233 0 0 
6 32 58 182 208 234 0 0 
36 62 88 183 209 235 0 0 
37 63 89 184 210 236 0 0 
38 64 90 185 211 237 0 0 
39 65 91 186 212 238 0 0 
40 66 92 187 213 239 0 0 
41 67 93 188 214 240 0 0 
42 68 94 189 215 241 0 0 
43 69 95 190 216 242 0 0 
44 70 96 191 217 243 0 0 
45 71 97 192 218 244 0 0 
46 72 98 193 219 245 0 0 
47 73 99 194 220 246 0 0 
48 74 100 195 221 247 0 0 
49 75 101 196 222 248 0 0 
50 76 102 197 223 249 0 0 
51 77 103 198 224 250 0 0 
52 78 104 199 225 251 0 0 
27 53 79 200 226 252 0 0 
28 54 80 201 227 253 0 0 
29 55 81 202 228 254 0 0 
30 56 82 203 229 255 0 0 
31 57 83 204 230 256 0 0 
32 58 84 205 231 257 0 0 
33 59 85 206 232 258 0 0 
34 60 86 207 233 259 0 0 
35 61 87 208 234 260 0 0 
54 80 106 209 235 261 0 0 
55 81 107 210 236 262 0 0 
56 82 108 211 237 263 0 0 
57 83 109 212 238 264 0 0 
58 84 110 213 239 265 0 0 
59 85 111 214 240 266 0 0 
60 86 112 215 241 267 0 0 
61 87 113 216 242 268 0 0 
62 88 114 217 243 269 0 0 
63 89 115 218 244 270 0 0 
64 90 116 219 245 271 0 0 
65 91 117 220 246 272 0 0 
66 92 118 221 247 273 0 0 
67 93 119 222 248 274 0 0 
68 94 120 223 249 275 0 0 
69 95 121 224 250 276 0 0 
70 96 122 225 251 277 0 0 
71 97 123 226 252 278 0 0 
72 98 124 227 253 279 0 0 
73 99 125 228 254 280 0 0 
74 100 126 229 255 281 0 0 
75 101 127 230 256 282 0 0 
76 102 128 231 257 283 0 0 
77 103 129 232 258 284 0 0 
78 104 130 233 259 285 0 0 
53 79 105 234 260 286 0 0 
81 107 133 235 261 287 0 0 
82 108 134 236 262 288 0 0 
83 109 135 237 263 289 0 0 
84 110 136 238 264 290 0 0 
85 111 137 239 265 291 0 0 
86 112 138 240 266 292 0 0 
87 113 139 241 267 293 0 0 
88 114 140 242 268 294 0 0 
89 115 141 243 269 295 0 0 
90 116 142 244 270 296 0 0 
91 117 143 245 271 297 0 0 
92 118 144 246 272 298 0 0 
93 119 145 247 273 299 0 0 
94 120 146 248 274 300 0 0 
95 121 147 249 275 301 0 0 
96 122 148 250 276 302 0 0 
97 123 149 251 277 303 0 0 
98 124 150 252 278 304 0 0 
99 125 151 253 279 305 0 0 
100 126 152 254 280 306 0 0 
101 127 153 255 281 307 0 0 
102 128 154 256 282 308 0 0 
103 129 155 257 283 309 0 0 
104 130 156 258 284 310 0 0 
79 105 131 259 285 311 0 0 
80 106 132 260 286 312 0 0 
5 109 135 157 261 287 0 0 
6 110 136 158 262 288 0 0 
7 111 137 159 263 289 0 0 
8 112 138 160 264 290 0 0 
9 113 139 161 265 291 0 0 
10 114 140 162 266 292 0 0 
11 115 141 163 267 293 0 0 
12 116 142 164 268 294 0 0 
13 117 143 165 269 295 0 0 
14 118 144 166 270 296 0 0 
15 119 145 167 271 297 0 0 
16 120 146 168 272 298 0 0 
17 121 147 169 273 299 0 0 
18 122 148 170 274 300 0 0 
19 123 149 171 275 301 0 0 
20 124 150 172 276 302 0 0 
21 125 151 173 277 303 0 0 
22 126 152 174 278 304 0 0 
23 127 153 175 279 305 0 0 
24 128 154 176 280 306 0 0 
25 129 155 177 281 307 0 0 
26 130 156 178 282 308 0 0 
1 105 131 179 283 309 0 0 
2 106 132 180 284 310 0 0 
3 107 133 181 285 311 0 0 
4 108 134 182 286 312 0 0 
8 34 138 157 183 261 287 0 
9 35 139 158 184 262 288 0 
10 36 140 159 185 263 289 0 
11 37 141 160 186 264 290 0 
12 38 142 161 187 265 291 0 
13 39 143 162 188 266 292 0 
14 40 144 163 189 267 293 0 
15 41 145 164 190 268 294 0 
16 42 146 165 191 269 295 0 
17 43 147 166 192 270 296 0 
18 44 148 167 193 271 297 0 
19 45 149 168 194 272 298 0 
20 46 150 169 195 273 299 0 
21 47 151 170 196 274 300 0 
22 48 152 171 197 275 301 0 
23 49 153 172 198 276 302 0 
24 50 154 173 199 277 303 0 
25 51 155 174 200 278 304 0 
26 52 156 175 201 279 305 0 
1 27 131 176 202 280 306 0 
2 28 132 177 203 281 307 0 
3 29 133 178 204 282 308 0 
4 30 134 179 205 283 309 0 
5 31 135 180 206 284 310 0 
6 32 136 181 207 285 311 0 
7 33 137 182 208 286 312 0 