40 20
3 6
1 13 17 
2 14 18 
3 15 19 
4 16 20 
1 5 20 
2 6 17 
3 7 18 
4 8 19 
1 7 9 
2 8 10 
3 5 11 
4 6 12 
5 10 16 
6 11 13 
7 12 14 
8 9 15 
1 10 15 
2 11 16 
3 12 13 
4 9 14 
5 14 17 
6 15 18 
7 16 19 
8 13 20 
1 11 19 
2 12 20 
3 9 17 
4 10 18 
1 6 16 
2 7 13 
3 8 14 
4 5 15 
5 9 19 
6 10 20 
7 11 17 
8 12 18 
9 13 18 
10 14 19 
11 15 20 
12 16 17 
1 5 9 17 25 29 
2 6 10 18 26 30 
3 7 11 19 27 31 
4 8 12 20 28 32 
5 11 13 21 32 33 
6 12 14 22 29 34 
7 9 15 23 30 35 
8 10 16 24 31 36 
9 16 20 27 33 37 
10 13 17 28 34 38 
11 14 18 25 35 39 
12 15 19 26 36 40 
1 14 19 24 30 37 
2 15 20 21 31 38 
3 16 17 22 32 39 
4 13 18 23 29 40 
1 6 21 27 35 40 
2 7 22 28 36 37 
3 8 23 25 33 38 
4 5 24 26 34 39 
